有價證卷代號及名稱,日期,成交股數,成交金額,開盤價,最高價,最低價,收盤價,漲跌價差,成交筆數
1909　榮成, 99/01/04,"3,708,803","40,766,336",11.00,11.05,10.90,10.95, 0.00,799
1909　榮成, 99/01/05,"2,829,704","31,026,277",11.00,11.10,10.85,10.95, 0.00,561
1909　榮成, 99/01/06,"14,844,495","168,573,660",11.00,11.60,11.00,11.50,+0.55,"2,686"
1909　榮成, 99/01/07,"8,308,708","93,377,797",11.55,11.60,11.00,11.20,-0.30,"1,703"
1909　榮成, 99/01/08,"11,841,955","135,302,572",11.20,11.60,11.10,11.40,+0.20,"2,001"
1909　榮成, 99/01/11,"6,659,544","76,214,350",11.55,11.60,11.30,11.45,+0.05,"1,178"
1909　榮成, 99/01/12,"3,431,041","38,848,041",11.50,11.55,11.25,11.35,-0.10,711
1909　榮成, 99/01/13,"4,198,894","47,258,216",11.35,11.50,11.10,11.10,-0.25,869
1909　榮成, 99/01/14,"5,584,688","61,881,768",11.15,11.20,11.00,11.10, 0.00,966
1909　榮成, 99/01/15,"4,142,464","46,228,754",11.15,11.25,11.10,11.10, 0.00,726
1909　榮成, 99/01/18,"4,059,076","45,419,127",11.10,11.35,11.00,11.15,+0.05,780
1909　榮成, 99/01/19,"3,326,969","36,872,909",11.25,11.25,11.00,11.05,-0.10,592
1909　榮成, 99/01/20,"2,905,587","31,884,809",11.20,11.20,10.85,10.90,-0.15,600
1909　榮成, 99/01/21,"2,900,248","31,538,256",10.90,11.05,10.80,10.80,-0.10,690
1909　榮成, 99/01/22,"3,227,350","33,873,749",10.60,10.75,10.30,10.45,-0.35,696
1909　榮成, 99/01/25,"2,329,844","24,418,935",10.40,10.65,10.35,10.40,-0.05,518
1909　榮成, 99/01/26,"4,268,969","43,778,448",10.50,10.60,9.90,9.96,-0.44,878
1909　榮成, 99/01/27,"1,885,488","18,792,396",10.00,10.10,9.90,9.90,-0.06,495
1909　榮成, 99/01/28,"2,191,651","22,160,248",9.92,10.30,9.92,10.15,+0.25,386
1909　榮成, 99/01/29,"1,757,076","17,785,167",10.05,10.25,9.98,10.25,+0.10,397
1909　榮成, 99/02/01,"1,115,488","11,519,547",10.45,10.45,10.20,10.35,+0.10,308
1909　榮成, 99/02/02,"1,779,736","17,980,223",10.40,10.45,9.96,9.99,-0.36,482
1909　榮成, 99/02/03,"1,267,375","12,795,550",10.05,10.20,10.00,10.10,+0.11,317
1909　榮成, 99/02/04,"1,146,407","11,537,284",10.10,10.20,10.00,10.10, 0.00,279
1909　榮成, 99/02/05,"3,234,601","30,978,768",9.90,9.90,9.40,9.50,-0.60,560
1909　榮成, 99/02/06,"1,197,226","11,045,102",9.41,9.50,9.00,9.29,-0.21,324
1909　榮成, 99/02/08,"642,378","6,006,592",9.39,9.43,9.29,9.40,+0.11,259
1909　榮成, 99/02/09,"744,673","7,128,786",9.40,9.72,9.35,9.70,+0.30,225
1909　榮成, 99/02/10,"1,162,915","11,411,126",9.81,9.87,9.75,9.77,+0.07,293
1909　榮成, 99/02/22,"949,403","9,505,419",10.00,10.20,9.95,9.97,+0.20,265
1909　榮成, 99/02/23,"1,005,543","10,041,183",10.00,10.05,9.90,9.99,+0.02,205
1909　榮成, 99/02/24,"1,508,211","15,095,119",9.93,10.10,9.93,10.00,+0.01,372
1909　榮成, 99/02/25,"796,775","7,958,277",10.15,10.15,9.90,9.90,-0.10,217
1909　榮成, 99/02/26,"743,741","7,381,312",9.91,9.98,9.87,9.94,+0.04,171
1909　榮成, 99/03/01,"1,374,582","13,853,634",10.00,10.15,9.98,10.15,+0.21,306
1909　榮成, 99/03/02,"1,138,984","11,500,899",10.20,10.20,10.00,10.05,-0.10,229
1909　榮成, 99/03/03,"1,299,310","13,125,950",10.05,10.20,10.00,10.05, 0.00,316
1909　榮成, 99/03/04,"970,748","9,756,170",10.05,10.15,9.97,10.10,+0.05,223
1909　榮成, 99/03/05,"916,832","9,217,970",10.05,10.15,10.00,10.10, 0.00,203
1909　榮成, 99/03/08,"1,923,375","19,471,800",10.15,10.20,10.05,10.10, 0.00,316
1909　榮成, 99/03/09,"1,456,729","14,761,360",10.15,10.20,10.05,10.10, 0.00,243
1909　榮成, 99/03/10,"644,392","6,512,855",10.15,10.20,10.05,10.10, 0.00,156
1909　榮成, 99/03/11,"1,482,977","15,018,963",10.10,10.20,10.05,10.10, 0.00,235
1909　榮成, 99/03/12,"2,322,243","23,885,862",10.15,10.40,10.15,10.20,+0.10,558
1909　榮成, 99/03/15,"1,043,368","10,523,946",10.20,10.25,10.00,10.00,-0.20,279
1909　榮成, 99/03/16,"877,355","8,780,150",10.10,10.10,9.99,10.05,+0.05,208
1909　榮成, 99/03/17,"1,158,083","11,695,978",10.10,10.15,10.05,10.10,+0.05,246
1909　榮成, 99/03/18,"2,601,491","26,707,901",10.15,10.40,10.15,10.25,+0.15,524
1909　榮成, 99/03/19,"2,677,318","27,626,370",10.35,10.40,10.20,10.40,+0.15,508
1909　榮成, 99/03/22,"2,206,032","22,940,771",10.40,10.45,10.30,10.45,+0.05,456
1909　榮成, 99/03/23,"2,714,517","28,547,239",10.45,10.60,10.45,10.55,+0.10,587
1909　榮成, 99/03/24,"3,550,388","38,043,382",10.65,10.80,10.65,10.65,+0.10,704
1909　榮成, 99/03/25,"2,118,158","22,186,136",10.65,10.65,10.40,10.50,-0.15,407
1909　榮成, 99/03/26,"943,433","9,905,420",10.50,10.60,10.40,10.50, 0.00,239
1909　榮成, 99/03/29,"1,496,651","15,752,394",10.50,10.60,10.45,10.50, 0.00,350
1909　榮成, 99/03/30,"4,739,950","50,650,964",10.55,10.80,10.50,10.70,+0.20,892
1909　榮成, 99/03/31,"2,788,616","29,877,253",10.70,10.80,10.65,10.70, 0.00,527
1909　榮成, 99/04/01,"2,459,976","26,351,078",10.70,10.80,10.65,10.75,+0.05,471
1909　榮成, 99/04/02,"982,923","10,522,677",10.75,10.80,10.65,10.65,-0.10,258
1909　榮成, 99/04/06,"1,419,612","15,172,827",10.70,10.80,10.65,10.70,+0.05,352
1909　榮成, 99/04/07,"2,028,543","21,792,518",10.70,10.80,10.70,10.75,+0.05,410
1909　榮成, 99/04/08,"6,186,127","67,591,061",10.85,11.05,10.85,10.90,+0.15,"1,036"
1909　榮成, 99/04/09,"1,789,363","19,560,860",10.85,11.05,10.85,10.90, 0.00,485
1909　榮成, 99/04/12,"2,491,778","27,253,866",10.95,11.00,10.85,11.00,+0.10,528
1909　榮成, 99/04/13,"1,753,337","19,147,081",11.00,11.00,10.85,10.85,-0.15,349
1909　榮成, 99/04/14,"1,696,424","18,574,303",11.00,11.00,10.85,11.00,+0.15,438
1909　榮成, 99/04/15,"4,188,682","46,045,803",11.10,11.10,10.90,11.00, 0.00,750
1909　榮成, 99/04/16,"2,038,367","22,172,354",11.00,11.00,10.80,10.80,-0.20,458
1909　榮成, 99/04/19,"2,076,839","22,008,223",10.75,10.80,10.35,10.40,-0.40,495
1909　榮成, 99/04/20,"2,306,536","23,967,910",10.40,10.50,10.30,10.35,-0.05,423
1909　榮成, 99/04/21,"1,581,693","16,536,295",10.40,10.55,10.40,10.45,+0.10,372
1909　榮成, 99/04/22,"3,075,573","32,623,812",10.50,10.70,10.45,10.55,+0.10,653
1909　榮成, 99/04/23,"9,313,586","102,053,484",10.65,11.15,10.55,10.95,+0.40,"1,892"
1909　榮成, 99/04/26,"3,600,539","39,268,334",11.00,11.05,10.80,10.80,-0.15,781
1909　榮成, 99/04/27,"13,702,407","151,360,617",10.95,11.20,10.85,11.10,+0.30,"2,292"
1909　榮成, 99/04/28,"6,617,587","73,075,207",10.95,11.20,10.85,11.10, 0.00,"1,387"
1909　榮成, 99/04/29,"11,898,356","135,655,983",11.15,11.55,11.15,11.35,+0.25,"2,451"
1909　榮成, 99/04/30,"6,277,575","70,510,025",11.50,11.55,10.90,11.10,-0.25,"1,120"
1909　榮成, 99/05/03,"6,104,537","65,028,910",10.90,11.00,10.45,10.60,-0.50,"1,163"
1909　榮成, 99/05/04,"3,838,377","40,179,266",10.60,10.70,10.30,10.40,-0.20,804
1909　榮成, 99/05/05,"3,891,418","39,189,516",10.15,10.20,10.00,10.05,-0.35,885
1909　榮成, 99/05/06,"2,540,844","25,493,597",10.05,10.10,9.97,9.97,-0.08,574
1909　榮成, 99/05/07,"2,527,056","24,603,503",9.70,9.97,9.55,9.97, 0.00,603
1909　榮成, 99/05/10,"1,206,668","12,124,803",10.00,10.15,9.98,10.10,+0.13,349
1909　榮成, 99/05/11,"1,557,329","15,795,618",10.25,10.25,10.05,10.05,-0.05,420
1909　榮成, 99/05/12,"788,185","7,940,416",10.15,10.20,10.00,10.00,-0.05,225
1909　榮成, 99/05/13,"1,225,577","12,416,000",10.10,10.20,10.05,10.20,+0.20,273
1909　榮成, 99/05/14,"704,667","7,158,114",10.15,10.25,10.10,10.15,-0.05,181
1909　榮成, 99/05/17,"1,133,748","11,315,234",10.10,10.10,9.91,9.97,-0.18,277
1909　榮成, 99/05/18,"569,582","5,697,492",10.00,10.05,9.98,9.98,+0.01,193
1909　榮成, 99/05/19,"1,087,025","10,826,604",9.97,10.05,9.90,9.96,-0.02,286
1909　榮成, 99/05/20,"677,514","6,739,162",9.96,10.00,9.86,9.88,-0.08,207
1909　榮成, 99/05/21,"2,380,188","22,684,984",9.55,9.65,9.45,9.52,-0.36,513
1909　榮成, 99/05/24,"914,404","8,795,465",9.55,9.66,9.55,9.65,+0.13,203
1909　榮成, 99/05/25,"1,529,841","14,325,923",9.56,9.56,9.16,9.22,-0.43,372
1909　榮成, 99/05/26,"887,179","8,249,747",9.30,9.40,9.20,9.35,+0.13,219
1909　榮成, 99/05/27,"664,330","6,278,949",9.22,9.57,9.22,9.54,+0.19,204
1909　榮成, 99/05/28,"1,537,955","14,803,960",9.65,9.69,9.58,9.66,+0.12,285
1909　榮成, 99/05/31,"763,218","7,389,240",9.68,9.71,9.63,9.70,+0.04,213
1909　榮成, 99/06/01,"511,163","4,933,873",9.70,9.72,9.60,9.60,-0.10,165
1909　榮成, 99/06/02,"515,071","4,962,016",9.60,9.70,9.60,9.60, 0.00,160
1909　榮成, 99/06/03,"768,961","7,427,840",9.70,9.70,9.61,9.65,+0.05,183
1909　榮成, 99/06/04,"610,318","5,891,565",9.70,9.70,9.62,9.62,-0.03,139
1909　榮成, 99/06/07,"641,527","6,011,709",9.42,9.48,9.30,9.38,-0.24,179
1909　榮成, 99/06/08,"795,614","7,465,649",9.33,9.44,9.33,9.39,+0.01,340
1909　榮成, 99/06/09,"694,706","6,534,422",9.44,9.51,9.36,9.37,-0.02,226
1909　榮成, 99/06/10,"483,814","4,548,669",9.40,9.45,9.34,9.42,+0.05,130
1909　榮成, 99/06/11,"957,336","9,187,064",9.60,9.65,9.56,9.64,+0.22,237
1909　榮成, 99/06/14,"925,508","9,004,744",9.69,9.78,9.65,9.74,+0.10,216
1909　榮成, 99/06/15,"1,308,100","12,853,179",9.75,9.88,9.74,9.85,+0.11,345
1909　榮成, 99/06/17,"815,191","8,049,014",9.90,9.92,9.85,9.85, 0.00,253
1909　榮成, 99/06/18,"401,847","3,946,506",9.85,9.87,9.78,9.84,-0.01,132
1909　榮成, 99/06/21,"1,167,118","11,600,166",9.84,9.99,9.84,9.98,+0.14,276
1909　榮成, 99/06/22,"1,429,208","14,367,510",9.95,10.15,9.93,10.10,+0.12,324
1909　榮成, 99/06/23,"780,382","7,837,208",10.05,10.10,9.98,10.00,-0.10,211
1909　榮成, 99/06/24,"1,128,220","11,411,648",10.05,10.20,9.99,10.15,+0.15,236
1909　榮成, 99/06/25,"1,233,810","12,332,468",10.10,10.10,9.93,10.00,-0.15,276
1909　榮成, 99/06/28,"784,524","7,853,703",10.00,10.05,9.99,10.00, 0.00,138
1909　榮成, 99/06/29,"722,976","7,237,825",10.05,10.10,9.95,9.99,-0.01,163
1909　榮成, 99/06/30,"564,736","5,558,044",9.90,9.90,9.80,9.86,-0.13,214
1909　榮成, 99/07/01,"974,270","9,583,885",9.83,9.94,9.75,9.93,+0.07,196
1909　榮成, 99/07/02,"1,202,354","12,033,854",9.95,10.10,9.90,9.95,+0.02,286
1909　榮成, 99/07/05,"647,437","6,478,660",10.10,10.10,9.98,9.99,+0.04,163
1909　榮成, 99/07/06,"762,827","7,669,290",9.96,10.10,9.96,10.05,+0.06,236
1909　榮成, 99/07/07,"1,879,157","19,131,831",10.10,10.25,10.05,10.15,+0.10,386
1909　榮成, 99/07/08,"1,763,240","18,052,533",10.25,10.30,10.20,10.25,+0.10,378
1909　榮成, 99/07/09,"1,015,487","10,389,558",10.35,10.35,10.20,10.20,-0.05,227
1909　榮成, 99/07/12,"1,653,496","17,005,923",10.30,10.35,10.25,10.30,+0.10,358
1909　榮成, 99/07/13,"1,699,303","17,441,899",10.30,10.35,10.20,10.30, 0.00,306
1909　榮成, 99/07/14,"1,840,965","19,061,471",10.30,10.40,10.30,10.40,+0.10,393
1909　榮成, 99/07/15,"1,699,017","17,734,168",10.40,10.50,10.35,10.45,+0.05,406
1909　榮成, 99/07/16,"2,102,649","22,046,620",10.45,10.50,10.45,10.50,+0.05,466
1909　榮成, 99/07/19,"2,129,770","22,342,269",10.45,10.55,10.40,10.55,+0.05,460
1909　榮成, 99/07/20,"5,130,531","54,422,462",10.60,10.65,10.55,10.65,+0.10,"1,116"
1909　榮成, 99/07/21,"3,902,155","38,986,926",10.00,10.05,9.96,9.97,X0.00,751
1909　榮成, 99/07/22,"2,329,433","23,396,764",9.95,10.15,9.95,10.00,+0.03,563
1909　榮成, 99/07/23,"2,937,619","29,725,190",10.10,10.20,10.05,10.05,+0.05,574
1909　榮成, 99/07/26,"1,346,720","13,565,650",10.10,10.15,10.00,10.05, 0.00,291
1909　榮成, 99/07/27,"1,459,107","14,595,423",10.05,10.15,9.95,9.98,-0.07,278
1909　榮成, 99/07/28,"1,598,661","16,086,678",10.05,10.15,9.96,10.15,+0.17,370
1909　榮成, 99/07/29,"1,300,716","13,162,476",10.15,10.20,10.05,10.15, 0.00,281
1909　榮成, 99/07/30,"790,930","7,959,250",10.15,10.15,10.00,10.05,-0.10,189
1909　榮成, 99/08/02,"1,834,660","18,693,307",10.15,10.25,10.10,10.20,+0.15,419
1909　榮成, 99/08/03,"2,098,678","21,356,155",10.25,10.25,10.10,10.10,-0.10,312
1909　榮成, 99/08/04,"1,634,863","16,597,306",10.15,10.20,10.10,10.15,+0.05,319
1909　榮成, 99/08/05,"1,813,402","18,465,184",10.20,10.25,10.10,10.10,-0.05,324
1909　榮成, 99/08/06,"1,073,487","10,891,234",10.10,10.20,10.10,10.15,+0.05,197
1909　榮成, 99/08/09,"15,731,860","168,372,397",10.40,10.85,10.35,10.85,+0.70,"2,304"
1909　榮成, 99/08/10,"9,597,358","103,605,368",10.95,10.95,10.60,10.65,-0.20,"1,627"
1909　榮成, 99/08/11,"14,986,608","165,159,830",10.90,11.20,10.80,10.95,+0.30,"2,777"
1909　榮成, 99/08/12,"15,402,921","172,610,359",10.95,11.40,10.90,11.15,+0.20,"3,115"
1909　榮成, 99/08/13,"7,024,624","77,618,518",11.15,11.25,10.95,11.05,-0.10,"1,363"
1909　榮成, 99/08/16,"6,903,572","77,261,289",11.00,11.35,11.00,11.15,+0.10,"1,295"
1909　榮成, 99/08/17,"6,240,160","69,103,769",11.15,11.20,11.00,11.00,-0.15,942
1909　榮成, 99/08/18,"3,193,675","35,270,758",11.10,11.20,10.95,10.95,-0.05,680
1909　榮成, 99/08/19,"2,629,348","28,592,110",10.90,11.00,10.80,10.80,-0.15,594
1909　榮成, 99/08/20,"2,589,176","27,913,388",10.80,10.90,10.70,10.85,+0.05,471
1909　榮成, 99/08/23,"3,185,727","34,876,678",10.85,11.10,10.80,10.90,+0.05,555
1909　榮成, 99/08/24,"3,917,580","42,617,480",10.85,11.05,10.75,10.80,-0.10,793
1909　榮成, 99/08/25,"4,584,869","49,247,924",10.90,11.05,10.50,10.50,-0.30,828
1909　榮成, 99/08/26,"2,164,631","22,533,142",10.55,10.60,10.30,10.35,-0.15,509
1909　榮成, 99/08/27,"1,011,042","10,538,231",10.30,10.55,10.30,10.45,+0.10,363
1909　榮成, 99/08/30,"1,458,482","15,404,431",10.55,10.65,10.45,10.50,+0.05,319
1909　榮成, 99/08/31,"1,327,748","13,721,001",10.50,10.50,10.25,10.30,-0.20,311
1909　榮成, 99/09/01,"2,417,317","24,846,047",10.35,10.35,10.20,10.30, 0.00,437
1909　榮成, 99/09/02,"1,738,590","18,060,743",10.40,10.50,10.30,10.30, 0.00,314
1909　榮成, 99/09/03,"1,290,078","13,380,393",10.35,10.45,10.35,10.35,+0.05,238
1909　榮成, 99/09/06,"1,473,981","15,464,593",10.40,10.55,10.40,10.45,+0.10,341
1909　榮成, 99/09/07,"1,248,725","13,064,260",10.45,10.55,10.35,10.40,-0.05,282
1909　榮成, 99/09/08,"2,710,739","28,655,751",10.40,10.70,10.40,10.55,+0.15,688
1909　榮成, 99/09/09,"1,376,589","14,520,522",10.60,10.65,10.45,10.45,-0.10,294
1909　榮成, 99/09/10,"1,049,196","10,932,934",10.50,10.55,10.35,10.45, 0.00,246
1909　榮成, 99/09/13,"2,000,218","20,965,859",10.50,10.60,10.40,10.50,+0.05,344
1909　榮成, 99/09/14,"2,298,504","24,301,235",10.60,10.65,10.45,10.55,+0.05,403
1909　榮成, 99/09/15,"1,337,043","14,039,441",10.50,10.60,10.45,10.50,-0.05,322
1909　榮成, 99/09/16,"1,064,085","11,108,878",10.50,10.55,10.35,10.45,-0.05,238
1909　榮成, 99/09/17,"1,888,334","19,696,342",10.40,10.50,10.40,10.45, 0.00,569
1909　榮成, 99/09/20,"989,195","10,351,009",10.50,10.50,10.40,10.45, 0.00,236
1909　榮成, 99/09/21,"1,066,365","11,134,067",10.50,10.55,10.40,10.45, 0.00,247
1909　榮成, 99/09/23,"660,477","6,884,976",10.45,10.50,10.40,10.45, 0.00,194
1909　榮成, 99/09/24,"955,311","9,899,391",10.45,10.45,10.30,10.35,-0.10,264
1909　榮成, 99/09/27,"1,365,271","14,333,710",10.40,10.60,10.40,10.45,+0.10,308
1909　榮成, 99/09/28,"548,326","5,716,432",10.45,10.50,10.40,10.45, 0.00,143
1909　榮成, 99/09/29,"2,391,461","25,264,909",10.45,10.65,10.45,10.55,+0.10,555
1909　榮成, 99/09/30,"8,266,606","89,873,743",10.65,11.05,10.65,10.75,+0.20,"1,434"
1909　榮成, 99/10/01,"1,884,297","20,142,639",10.75,10.80,10.60,10.70,-0.05,361
1909　榮成, 99/10/04,"4,538,022","49,239,720",10.70,10.95,10.70,10.85,+0.15,749
1909　榮成, 99/10/05,"38,974,398","431,812,816",10.95,11.00,10.80,10.90,+0.05,656
1909　榮成, 99/10/06,"21,719,424","250,395,730",11.35,11.65,11.20,11.65,+0.75,"3,455"
1909　榮成, 99/10/07,"22,563,288","266,424,823",11.65,12.10,11.60,11.70,+0.05,"4,002"
1909　榮成, 99/10/08,"4,666,991","53,821,487",11.70,11.70,11.40,11.55,-0.15,981
1909　榮成, 99/10/11,"5,629,556","65,071,916",11.60,11.75,11.30,11.30,-0.25,"1,166"
1909　榮成, 99/10/12,"5,090,322","56,983,668",11.30,11.45,11.00,11.15,-0.15,977
1909　榮成, 99/10/13,"18,005,118","211,956,412",11.25,11.90,11.25,11.75,+0.60,"2,775"
1909　榮成, 99/10/14,"31,322,534","383,057,669",12.00,12.50,11.85,12.00,+0.25,"4,157"
1909　榮成, 99/10/15,"21,684,392","267,796,259",12.10,12.55,12.10,12.25,+0.25,"3,465"
1909　榮成, 99/10/18,"8,442,443","102,452,266",12.45,12.45,11.85,12.10,-0.15,"1,829"
1909　榮成, 99/10/19,"6,141,345","72,345,660",11.95,12.10,11.60,11.70,-0.40,"1,116"
1909　榮成, 99/10/20,"3,559,503","41,340,230",11.50,11.75,11.50,11.65,-0.05,743
1909　榮成, 99/10/21,"8,153,687","97,661,594",11.70,12.15,11.70,12.05,+0.40,"1,714"
1909　榮成, 99/10/22,"7,490,774","90,585,518",12.20,12.20,11.95,12.15,+0.10,"1,347"
1909　榮成, 99/10/25,"22,181,940","281,189,323",12.25,12.95,12.10,12.75,+0.60,"3,997"
1909　榮成, 99/10/26,"27,617,381","366,508,074",12.90,13.50,12.85,13.40,+0.65,"5,529"
1909　榮成, 99/10/27,"9,926,486","129,849,868",13.50,13.50,12.80,13.10,-0.30,"2,295"
1909　榮成, 99/10/28,"8,321,704","107,496,259",13.10,13.25,12.65,12.80,-0.30,"1,836"
1909　榮成, 99/10/29,"5,339,562","67,907,370",12.80,13.00,12.55,12.65,-0.15,"1,213"
1909　榮成, 99/11/01,"4,112,336","51,781,894",12.65,12.75,12.50,12.60,-0.05,918
1909　榮成, 99/11/02,"8,036,400","104,076,350",12.65,13.10,12.65,13.00,+0.40,"1,767"
1909　榮成, 99/11/03,"8,528,459","111,437,844",13.15,13.40,12.75,12.95,-0.05,"1,768"
1909　榮成, 99/11/04,"6,462,875","84,542,263",13.10,13.30,12.90,13.00,+0.05,"1,459"
1909　榮成, 99/11/05,"10,550,083","137,741,356",13.30,13.30,12.95,13.00, 0.00,"1,953"
1909　榮成, 99/11/08,"6,187,235","79,174,335",13.00,13.00,12.65,12.85,-0.15,"1,217"
1909　榮成, 99/11/09,"4,202,541","53,424,303",12.85,12.95,12.60,12.80,-0.05,"1,008"
1909　榮成, 99/11/10,"6,220,963","80,762,912",12.80,13.15,12.75,12.95,+0.15,"1,283"
1909　榮成, 99/11/11,"2,759,458","35,229,554",12.95,12.95,12.70,12.80,-0.15,695
1909　榮成, 99/11/12,"3,469,154","44,154,210",12.80,12.95,12.60,12.80, 0.00,924
1909　榮成, 99/11/15,"7,007,520","84,663,354",12.70,12.70,11.95,11.95,-0.85,"1,314"
1909　榮成, 99/11/16,"4,524,801","53,009,935",11.50,11.95,11.50,11.95, 0.00,"1,091"
1909　榮成, 99/11/17,"1,622,003","19,147,631",11.60,11.90,11.60,11.90,-0.05,391
1909　榮成, 99/11/18,"1,975,352","23,588,474",11.90,12.10,11.80,12.10,+0.20,483
1909　榮成, 99/11/19,"2,669,873","32,056,104",12.10,12.20,11.80,11.80,-0.30,610
1909　榮成, 99/11/22,"4,820,437","55,819,220",11.80,11.90,11.50,11.55,-0.25,"1,005"
1909　榮成, 99/11/23,"2,235,628","25,778,169",11.55,11.70,11.40,11.50,-0.05,510
1909　榮成, 99/11/24,"3,679,544","41,556,192",11.30,11.45,11.20,11.35,-0.15,630
1909　榮成, 99/11/25,"2,265,556","25,686,795",11.35,11.45,11.20,11.35, 0.00,497
1909　榮成, 99/11/26,"5,537,169","61,711,729",11.45,11.45,10.95,11.20,-0.15,897
1909　榮成, 99/11/29,"2,494,145","27,717,154",11.20,11.30,10.95,11.15,-0.05,520
1909　榮成, 99/11/30,"2,951,374","33,085,241",11.20,11.35,11.10,11.10,-0.05,683
1909　榮成, 99/12/01,"3,104,449","34,950,342",11.20,11.35,11.15,11.30,+0.20,588
1909　榮成, 99/12/02,"18,164,829","216,900,015",11.40,12.05,11.40,12.05,+0.75,"2,490"
1909　榮成, 99/12/03,"3,789,600","45,365,079",12.15,12.15,11.85,12.00,-0.05,842
1909　榮成, 99/12/06,"6,718,721","80,965,976",12.00,12.20,11.95,12.15,+0.15,997
1909　榮成, 99/12/07,"4,620,437","56,625,977",12.15,12.45,12.00,12.20,+0.05,769
1909　榮成, 99/12/08,"3,758,739","46,053,180",12.20,12.40,12.15,12.20, 0.00,632
1909　榮成, 99/12/09,"4,670,322","56,215,369",12.20,12.30,11.90,12.00,-0.20,917
1909　榮成, 99/12/10,"2,889,498","34,127,245",12.00,12.00,11.75,11.80,-0.20,551
1909　榮成, 99/12/13,"2,683,891","31,789,648",11.85,12.00,11.75,11.90,+0.10,693
1909　榮成, 99/12/14,"2,816,162","33,722,960",11.90,12.10,11.90,11.90, 0.00,698
1909　榮成, 99/12/15,"2,687,141","31,916,067",11.95,12.00,11.75,12.00,+0.10,503
1909　榮成, 99/12/16,"4,585,172","55,328,864",12.10,12.20,12.00,12.05,+0.05,785
1909　榮成, 99/12/17,"9,859,588","121,618,160",12.25,12.50,12.15,12.30,+0.25,"1,765"
1909　榮成, 99/12/20,"7,247,699","89,316,870",12.50,12.50,12.15,12.20,-0.10,"1,153"
1909　榮成, 99/12/21,"1,873,069","22,921,277",12.35,12.35,12.15,12.20, 0.00,496
1909　榮成, 99/12/22,"5,390,404","66,534,765",12.30,12.45,12.25,12.25,+0.05,918
1909　榮成, 99/12/23,"26,456,592","339,994,846",12.25,13.10,12.25,13.10,+0.85,"4,012"
1909　榮成, 99/12/24,"12,369,788","160,266,893",13.10,13.10,12.80,12.90,-0.20,"2,886"
1909　榮成, 99/12/27,"7,168,566","92,345,315",12.80,13.10,12.65,13.05,+0.15,"1,598"
1909　榮成, 99/12/28,"3,696,462","47,615,428",13.05,13.05,12.70,12.80,-0.25,743
1909　榮成, 99/12/29,"9,670,907","125,556,582",12.85,13.20,12.70,13.00,+0.20,"2,230"
1909　榮成, 99/12/30,"4,892,399","63,088,325",13.10,13.10,12.80,12.80,-0.20,977
1909　榮成, 99/12/31,"4,857,825","62,674,850",12.95,13.05,12.80,12.90,+0.10,999
1909　榮成,100/01/03,"15,714,739","209,898,308",12.90,13.65,12.85,13.55,+0.65,"3,019"
1909　榮成,100/01/04,"10,272,194","137,645,709",13.60,13.60,13.10,13.35,-0.20,"1,749"
1909　榮成,100/01/05,"7,903,951","103,495,551",13.50,13.55,12.85,12.95,-0.40,"1,353"
1909　榮成,100/01/06,"3,081,730","39,818,358",13.00,13.00,12.80,12.90,-0.05,678
1909　榮成,100/01/07,"3,635,303","46,455,840",12.80,12.95,12.55,12.75,-0.15,766
1909　榮成,100/01/10,"1,403,638","17,888,695",12.85,12.85,12.60,12.75, 0.00,353
1909　榮成,100/01/11,"2,057,245","26,370,797",12.75,12.90,12.70,12.80,+0.05,484
1909　榮成,100/01/12,"2,507,904","32,385,010",12.90,13.00,12.80,12.85,+0.05,550
1909　榮成,100/01/13,"2,113,880","27,253,007",12.95,13.00,12.80,12.80,-0.05,485
1909　榮成,100/01/14,"1,229,489","15,711,948",12.85,12.85,12.70,12.85,+0.05,332
1909　榮成,100/01/17,"3,194,239","40,066,512",12.85,12.90,12.35,12.45,-0.40,842
1909　榮成,100/01/18,"3,326,246","41,249,322",12.35,12.60,12.30,12.55,+0.10,678
1909　榮成,100/01/19,"2,233,726","27,900,673",12.60,12.60,12.45,12.45,-0.10,469
1909　榮成,100/01/20,"2,253,754","27,943,215",12.50,12.55,12.35,12.35,-0.10,509
1909　榮成,100/01/21,"2,940,019","36,390,425",12.45,12.55,12.25,12.30,-0.05,683
1909　榮成,100/01/24,"3,156,831","38,672,731",12.30,12.40,12.15,12.20,-0.10,581
1909　榮成,100/01/25,"1,973,140","24,189,956",12.35,12.35,12.15,12.30,+0.10,414
1909　榮成,100/01/26,"1,533,388","18,895,044",12.30,12.40,12.25,12.30, 0.00,371
1909　榮成,100/01/27,"2,094,345","25,757,766",12.40,12.40,12.25,12.30, 0.00,372
1909　榮成,100/01/28,"1,951,441","23,796,120",12.30,12.35,12.15,12.15,-0.15,447
1909　榮成,100/02/08,"2,055,174","25,088,361",12.20,12.35,12.05,12.30,+0.15,463
1909　榮成,100/02/09,"2,238,912","27,634,769",12.35,12.45,12.20,12.25,-0.05,527
1909　榮成,100/02/10,"3,016,330","36,571,587",12.30,12.30,12.05,12.10,-0.15,571
1909　榮成,100/02/11,"3,375,020","40,059,576",12.10,12.10,11.70,11.80,-0.30,726
1909　榮成,100/02/14,"2,100,548","24,737,549",11.85,11.90,11.70,11.75,-0.05,501
1909　榮成,100/02/15,"1,176,750","13,840,411",11.75,11.85,11.70,11.75, 0.00,341
1909　榮成,100/02/16,"1,346,320","16,009,635",11.80,11.95,11.75,11.90,+0.15,360
1909　榮成,100/02/17,"1,419,514","16,780,283",11.90,11.90,11.75,11.80,-0.10,372
1909　榮成,100/02/18,"1,259,547","15,023,312",11.85,12.00,11.85,11.95,+0.15,335
1909　榮成,100/02/21,"972,568","11,565,518",12.00,12.00,11.85,11.90,-0.05,261
1909　榮成,100/02/22,"1,606,035","18,720,655",11.80,11.80,11.55,11.70,-0.20,453
1909　榮成,100/02/23,"1,393,995","16,154,539",11.65,11.75,11.50,11.55,-0.15,346
1909　榮成,100/02/24,"735,005","8,496,801",11.55,11.65,11.50,11.50,-0.05,224
1909　榮成,100/02/25,"1,606,650","18,374,520",11.65,11.65,11.30,11.50, 0.00,415
1909　榮成,100/03/01,"2,848,741","32,867,489",11.50,11.70,11.45,11.60,+0.10,569
1909　榮成,100/03/02,"1,358,938","15,632,783",11.50,11.60,11.45,11.55,-0.05,347
1909　榮成,100/03/03,"2,830,445","32,516,713",11.50,11.65,11.40,11.55, 0.00,577
1909　榮成,100/03/04,"3,682,853","42,302,965",11.65,11.65,11.40,11.45,-0.10,660
1909　榮成,100/03/07,"2,209,939","25,041,508",11.45,11.55,11.25,11.30,-0.15,432
1909　榮成,100/03/08,"2,216,465","25,168,698",11.25,11.55,11.25,11.40,+0.10,440
1909　榮成,100/03/09,"1,066,416","12,161,773",11.50,11.50,11.30,11.30,-0.10,289
1909　榮成,100/03/10,"1,344,123","15,172,593",11.30,11.35,11.25,11.25,-0.05,290
1909　榮成,100/03/11,"1,641,412","18,546,656",11.20,11.40,11.15,11.35,+0.10,402
1909　榮成,100/03/14,"2,300,022","25,530,591",11.30,11.35,11.00,11.10,-0.25,502
1909　榮成,100/03/15,"3,670,460","39,255,111",11.10,11.20,10.35,11.00,-0.10,714
1909　榮成,100/03/16,"1,606,304","17,533,774",10.90,11.00,10.75,11.00, 0.00,479
1909　榮成,100/03/17,"841,714","9,168,044",11.00,11.00,10.75,10.90,-0.10,262
1909　榮成,100/03/18,"1,616,129","17,848,119",11.00,11.15,10.95,11.00,+0.10,357
1909　榮成,100/03/21,"1,333,448","14,942,865",11.15,11.30,11.10,11.20,+0.20,368
1909　榮成,100/03/22,"4,439,804","51,445,969",11.45,11.70,11.45,11.65,+0.45,"1,057"
1909　榮成,100/03/23,"5,444,878","64,688,590",11.70,12.00,11.65,11.90,+0.25,"2,185"
1909　榮成,100/03/24,"1,994,040","23,672,663",11.90,11.95,11.80,11.85,-0.05,554
1909　榮成,100/03/25,"1,277,194","15,041,774",11.90,11.90,11.70,11.85, 0.00,304
1909　榮成,100/03/28,"1,384,986","16,355,027",11.85,11.90,11.75,11.75,-0.10,336
1909　榮成,100/03/29,"933,881","10,990,452",11.75,11.85,11.70,11.75, 0.00,259
1909　榮成,100/03/30,"1,074,809","12,707,737",11.85,11.85,11.75,11.85,+0.10,338
1909　榮成,100/03/31,"1,021,202","12,078,020",11.85,11.90,11.75,11.85, 0.00,283
1909　榮成,100/04/01,"695,438","8,223,184",11.85,11.90,11.75,11.80,-0.05,196
1909　榮成,100/04/06,"1,212,791","14,380,203",11.90,11.95,11.80,11.85,+0.05,301
1909　榮成,100/04/07,"2,121,630","25,339,043",11.85,12.00,11.85,11.95,+0.10,"1,442"
1909　榮成,100/04/08,"2,841,779","34,202,948",11.95,12.10,11.95,12.10,+0.15,773
1909　榮成,100/04/11,"1,519,852","18,291,769",12.10,12.15,11.95,12.05,-0.05,331
1909　榮成,100/04/12,"2,090,966","24,814,742",12.05,12.05,11.80,11.80,-0.25,386
1909　榮成,100/04/13,"1,195,647","14,189,596",11.80,11.95,11.80,11.95,+0.15,239
1909　榮成,100/04/14,"1,415,142","16,830,673",11.95,11.95,11.85,11.95, 0.00,309
1909　榮成,100/04/15,"1,369,290","16,285,679",11.95,11.95,11.85,11.90,-0.05,291
1909　榮成,100/04/18,"1,472,885","17,471,147",11.90,11.95,11.80,11.80,-0.10,285
1909　榮成,100/04/19,"1,567,455","18,292,597",11.75,11.75,11.65,11.65,-0.15,380
1909　榮成,100/04/20,"3,041,801","35,632,971",11.80,11.80,11.65,11.65, 0.00,472
1909　榮成,100/04/21,"2,264,693","26,802,168",11.80,11.90,11.75,11.90,+0.25,496
1909　榮成,100/04/22,"1,309,783","15,586,721",11.95,12.00,11.85,11.90, 0.00,310
1909　榮成,100/04/25,"1,606,267","19,178,717",11.90,12.00,11.85,12.00,+0.10,380
1909　榮成,100/04/26,"2,157,327","25,923,748",12.00,12.10,11.90,12.00, 0.00,445
1909　榮成,100/04/27,"1,584,139","19,063,944",12.05,12.10,11.95,11.95,-0.05,379
1909　榮成,100/04/28,"1,604,861","19,147,742",12.00,12.05,11.90,11.95, 0.00,326
1909　榮成,100/04/29,"2,623,687","30,970,598",11.95,12.00,11.65,11.70,-0.25,485
1909　榮成,100/05/03,"2,582,241","30,050,692",11.75,11.75,11.55,11.60,-0.10,591
1909　榮成,100/05/04,"1,692,656","19,542,341",11.60,11.60,11.50,11.55,-0.05,556
1909　榮成,100/05/05,"1,389,318","16,157,659",11.60,11.75,11.50,11.60,+0.05,305
1909　榮成,100/05/06,"1,573,987","18,364,040",11.65,11.75,11.60,11.60, 0.00,283
1909　榮成,100/05/09,"1,447,177","16,915,506",11.60,11.80,11.60,11.65,+0.05,378
1909　榮成,100/05/10,"1,532,566","17,904,288",11.65,11.75,11.65,11.70,+0.05,262
1909　榮成,100/05/11,"2,323,171","27,044,669",11.70,11.75,11.55,11.60,-0.10,419
1909　榮成,100/05/12,"1,228,316","14,229,978",11.55,11.60,11.55,11.55,-0.05,231
1909　榮成,100/05/13,"1,667,142","19,256,967",11.60,11.65,11.50,11.50,-0.05,403
1909　榮成,100/05/16,"1,549,228","17,633,720",11.50,11.50,11.35,11.35,-0.15,407
1909　榮成,100/05/17,"1,782,318","20,156,537",11.35,11.40,11.25,11.30,-0.05,355
1909　榮成,100/05/18,"1,794,120","20,274,751",11.30,11.35,11.25,11.35,+0.05,410
1909　榮成,100/05/19,"1,079,174","12,245,052",11.40,11.40,11.30,11.35, 0.00,242
1909　榮成,100/05/20,"1,287,727","14,522,789",11.30,11.40,11.20,11.25,-0.10,233
1909　榮成,100/05/23,"797,746","8,938,506",11.25,11.25,11.15,11.15,-0.10,170
1909　榮成,100/05/24,"1,376,579","15,355,476",11.10,11.30,11.05,11.20,+0.05,285
1909　榮成,100/05/25,"936,389","10,481,813",11.20,11.25,11.10,11.20, 0.00,329
1909　榮成,100/05/26,"886,555","9,966,387",11.40,11.40,11.20,11.25,+0.05,268
1909　榮成,100/05/27,"883,316","9,957,534",11.20,11.35,11.20,11.25, 0.00,383
1909　榮成,100/05/30,"1,778,438","19,903,630",11.20,11.35,11.15,11.15,-0.10,466
1909　榮成,100/05/31,"797,319","8,955,819",11.20,11.30,11.20,11.25,+0.10,138
1909　榮成,100/06/01,"878,125","9,928,050",11.25,11.35,11.25,11.30,+0.05,190
1909　榮成,100/06/02,"912,217","10,229,378",11.30,11.30,11.20,11.25,-0.05,262
1909　榮成,100/06/03,"591,123","6,681,978",11.25,11.40,11.25,11.30,+0.05,153
1909　榮成,100/06/07,"419,146","4,753,246",11.30,11.40,11.30,11.40,+0.10,102
1909　榮成,100/06/08,"708,482","8,055,216",11.40,11.40,11.35,11.40, 0.00,130
1909　榮成,100/06/09,"585,360","6,661,565",11.40,11.45,11.35,11.35,-0.05,157
1909　榮成,100/06/10,"1,048,990","11,835,336",11.35,11.40,11.25,11.25,-0.10,256
1909　榮成,100/06/13,"946,920","10,566,460",11.20,11.20,11.10,11.15,-0.10,221
1909　榮成,100/06/14,"518,773","5,832,391",11.15,11.30,11.15,11.30,+0.15,177
1909　榮成,100/06/15,"1,203,544","13,442,883",11.30,11.30,11.10,11.15,-0.15,455
1909　榮成,100/06/16,"1,256,411","13,922,821",11.05,11.15,11.05,11.05,-0.10,313
1909　榮成,100/06/17,"1,348,789","14,937,163",11.10,11.20,11.00,11.15,+0.10,290
1909　榮成,100/06/20,"873,322","9,634,857",11.20,11.20,10.95,10.95,-0.20,254
1909　榮成,100/06/21,"995,970","10,912,700",10.95,11.10,10.90,10.90,-0.05,"1,204"
1909　榮成,100/06/22,"1,158,069","12,735,109",11.10,11.10,10.95,11.00,+0.10,237
1909　榮成,100/06/23,"559,338","6,159,718",11.00,11.10,10.95,11.05,+0.05,124
1909　榮成,100/06/24,"701,714","7,715,160",11.00,11.10,10.95,11.00,-0.05,165
1909　榮成,100/06/27,"965,912","10,650,382",10.90,11.20,10.90,11.10,+0.10,271
1909　榮成,100/06/28,"557,625","6,231,386",11.15,11.25,11.10,11.20,+0.10,214
1909　榮成,100/06/29,"555,436","6,227,356",11.25,11.25,11.15,11.25,+0.05,188
1909　榮成,100/06/30,"585,765","6,591,312",11.25,11.30,11.20,11.25, 0.00,162
1909　榮成,100/07/01,"962,502","10,897,815",11.30,11.40,11.25,11.30,+0.05,230
1909　榮成,100/07/04,"1,457,646","16,616,194",11.30,11.45,11.30,11.35,+0.05,386
1909　榮成,100/07/05,"3,557,452","40,243,122",11.40,11.40,11.25,11.25,-0.10,751
1909　榮成,100/07/06,"1,282,320","13,560,922",10.55,10.65,10.55,10.55,X0.00,421
1909　榮成,100/07/07,"759,522","8,073,301",10.65,10.65,10.60,10.65,+0.10,200
1909　榮成,100/07/08,"1,648,781","17,438,357",10.65,10.70,10.50,10.50,-0.15,365
1909　榮成,100/07/11,"1,090,775","11,411,956",10.50,10.55,10.40,10.45,-0.05,244
1909　榮成,100/07/12,"996,616","10,369,992",10.40,10.50,10.35,10.40,-0.05,303
1909　榮成,100/07/13,"1,410,100","14,813,037",10.40,10.65,10.35,10.40, 0.00,435
1909　榮成,100/07/14,"818,184","8,554,998",10.40,10.55,10.40,10.40, 0.00,355
1909　榮成,100/07/15,"506,015","5,292,854",10.45,10.55,10.40,10.45,+0.05,140
1909　榮成,100/07/18,"861,911","9,080,870",10.40,10.60,10.40,10.50,+0.05,327
1909　榮成,100/07/19,"409,700","4,316,248",10.45,10.60,10.45,10.50, 0.00,126
1909　榮成,100/07/20,"920,392","9,767,226",10.60,10.70,10.50,10.65,+0.15,354
1909　榮成,100/07/21,"772,775","8,278,586",10.60,10.80,10.60,10.70,+0.05,227
1909　榮成,100/07/22,"8,824,815","97,115,155",10.75,11.20,10.65,10.80,+0.10,"1,560"
1909　榮成,100/07/25,"1,688,121","18,104,034",10.80,10.90,10.60,10.70,-0.10,356
1909　榮成,100/07/26,"638,781","6,855,862",10.70,10.80,10.65,10.70, 0.00,254
1909　榮成,100/07/27,"896,661","9,652,750",10.70,10.90,10.60,10.80,+0.10,293
1909　榮成,100/07/28,"701,448","7,539,144",10.75,10.85,10.65,10.70,-0.10,199
1909　榮成,100/07/29,"388,598","4,170,315",10.70,10.80,10.70,10.70, 0.00,155
1909　榮成,100/08/01,"615,771","6,668,073",10.70,10.90,10.70,10.80,+0.10,256
1909　榮成,100/08/02,"575,684","6,186,196",10.80,10.80,10.70,10.80, 0.00,154
1909　榮成,100/08/03,"785,639","8,377,115",10.70,10.75,10.60,10.75,-0.05,285
1909　榮成,100/08/04,"777,950","8,364,866",10.70,10.85,10.65,10.70,-0.05,263
1909　榮成,100/08/05,"2,276,844","22,794,910",9.96,10.20,9.96,9.97,-0.73,606
1909　榮成,100/08/08,"3,305,147","31,406,972",9.97,10.00,9.28,9.38,-0.59,846
1909　榮成,100/08/09,"2,901,548","25,861,274",9.00,9.34,8.73,9.34,-0.04,710
1909　榮成,100/08/10,"1,599,913","15,238,035",9.70,9.70,9.45,9.54,+0.20,585
1909　榮成,100/08/11,"921,091","8,450,723",8.92,9.40,8.92,9.35,-0.19,287
1909　榮成,100/08/12,"1,572,753","15,088,537",9.60,9.70,9.50,9.50,+0.15,475
1909　榮成,100/08/15,"745,111","7,192,436",9.69,9.69,9.60,9.69,+0.19,209
1909　榮成,100/08/16,"842,549","8,195,168",9.76,9.78,9.64,9.71,+0.02,252
1909　榮成,100/08/17,"359,045","3,471,405",9.72,9.72,9.63,9.65,-0.06,108
1909　榮成,100/08/18,"701,795","6,698,797",9.63,9.63,9.49,9.52,-0.13,192
1909　榮成,100/08/19,"613,128","5,689,325",9.30,9.38,9.23,9.25,-0.27,202
1909　榮成,100/08/22,"423,841","3,936,682",9.20,9.38,9.20,9.26,+0.01,123
1909　榮成,100/08/23,"355,161","3,339,445",9.25,9.48,9.25,9.47,+0.21,101
1909　榮成,100/08/24,"824,102","7,856,530",9.47,9.62,9.43,9.60,+0.13,231
1909　榮成,100/08/25,"247,425","2,369,775",9.65,9.65,9.50,9.56,-0.04,88
1909　榮成,100/08/26,"493,452","4,687,160",9.50,9.58,9.45,9.46,-0.10,119
1909　榮成,100/08/29,"471,384","4,471,562",9.40,9.56,9.40,9.54,+0.08,130
1909　榮成,100/08/30,"432,491","4,108,111",9.55,9.59,9.45,9.50,-0.04,97
1909　榮成,100/08/31,"667,021","6,317,327",9.51,9.53,9.45,9.50, 0.00,106
1909　榮成,100/09/01,"1,061,100","10,119,522",9.50,9.63,9.50,9.56,+0.06,209
1909　榮成,100/09/02,"361,630","3,449,649",9.56,9.61,9.50,9.56, 0.00,123
1909　榮成,100/09/05,"557,113","5,254,649",9.43,9.48,9.37,9.41,-0.15,192
1909　榮成,100/09/06,"1,211,380","11,349,121",9.31,9.40,9.30,9.37,-0.04,251
1909　榮成,100/09/07,"429,738","4,073,740",9.37,9.53,9.37,9.50,+0.13,142
1909　榮成,100/09/08,"286,487","2,732,435",9.57,9.57,9.50,9.50, 0.00,93
1909　榮成,100/09/09,"82,474","784,791",9.50,9.55,9.48,9.52,+0.02,46
1909　榮成,100/09/13,"241,092","2,257,581",9.35,9.45,9.32,9.43,-0.09,84
1909　榮成,100/09/14,"1,227,933","11,576,399",9.46,9.50,9.34,9.44,+0.01,270
1909　榮成,100/09/15,"1,039,902","9,882,250",9.44,9.55,9.44,9.49,+0.05,119
1909　榮成,100/09/16,"471,681","4,534,635",9.49,9.65,9.49,9.65,+0.16,148
1909　榮成,100/09/19,"795,019","7,632,734",9.66,9.66,9.58,9.60,-0.05,89
1909　榮成,100/09/20,"328,400","3,139,240",9.31,9.60,9.31,9.56,-0.04,122
1909　榮成,100/09/21,"159,480","1,529,357",9.56,9.65,9.55,9.60,+0.04,128
1909　榮成,100/09/22,"866,819","8,224,856",9.45,9.56,9.44,9.45,-0.15,260
1909　榮成,100/09/23,"811,549","7,514,718",9.02,9.40,9.02,9.24,-0.21,267
1909　榮成,100/09/26,"842,457","7,769,937",9.20,9.30,9.15,9.21,-0.03,249
1909　榮成,100/09/27,"739,483","6,913,174",9.30,9.39,9.30,9.37,+0.16,219
1909　榮成,100/09/28,"335,534","3,162,900",9.50,9.50,9.34,9.41,+0.04,114
1909　榮成,100/09/29,"466,158","4,380,639",9.34,9.51,9.30,9.49,+0.08,142
1909　榮成,100/09/30,"551,572","5,233,426",9.49,9.59,9.42,9.59,+0.10,198
1909　榮成,100/10/03,"284,381","2,677,495",9.46,9.46,9.40,9.40,-0.19,105
1909　榮成,100/10/04,"331,226","3,087,901",9.30,9.39,9.29,9.32,-0.08,99
1909　榮成,100/10/05,"374,728","3,486,925",9.32,9.37,9.25,9.25,-0.07,82
1909　榮成,100/10/06,"845,276","7,900,014",9.25,9.43,9.21,9.37,+0.12,202
1909　榮成,100/10/07,"238,141","2,236,256",9.35,9.44,9.35,9.39,+0.02,86
1909　榮成,100/10/11,"1,213,618","11,417,144",9.43,9.49,9.39,9.41,+0.02,209
1909　榮成,100/10/12,"420,917","3,952,462",9.41,9.41,9.35,9.35,-0.06,108
1909　榮成,100/10/13,"761,639","7,132,147",9.35,9.45,9.35,9.35, 0.00,124
1909　榮成,100/10/14,"500,501","4,667,847",9.35,9.35,9.30,9.31,-0.04,79
1909　榮成,100/10/17,"415,002","3,896,578",9.31,9.44,9.31,9.33,+0.02,109
1909　榮成,100/10/18,"336,452","3,131,853",9.33,9.35,9.25,9.35,+0.02,78
1909　榮成,100/10/19,"174,808","1,631,147",9.38,9.38,9.30,9.30,-0.05,64
1909　榮成,100/10/20,"179,657","1,665,249",9.30,9.32,9.25,9.25,-0.05,54
1909　榮成,100/10/21,"239,508","2,217,350",9.18,9.30,9.18,9.26,+0.01,77
1909　榮成,100/10/24,"411,439","3,855,227",9.26,9.40,9.26,9.36,+0.10,152
1909　榮成,100/10/25,"115,224","1,078,431",9.40,9.40,9.32,9.36, 0.00,56
1909　榮成,100/10/26,"248,747","2,319,524",9.36,9.36,9.30,9.30,-0.06,74
1909　榮成,100/10/27,"334,778","3,138,182",9.31,9.39,9.31,9.39,+0.09,166
1909　榮成,100/10/28,"755,960","7,158,318",9.49,9.50,9.42,9.49,+0.10,258
1909　榮成,100/10/31,"382,301","3,602,127",9.49,9.49,9.39,9.40,-0.09,96
1909　榮成,100/11/01,"588,336","5,598,249",9.40,9.60,9.35,9.51,+0.11,241
1909　榮成,100/11/02,"320,149","3,037,094",9.45,9.53,9.43,9.52,+0.01,114
1909　榮成,100/11/03,"183,604","1,742,631",9.50,9.53,9.45,9.50,-0.02,84
1909　榮成,100/11/04,"770,605","7,405,501",9.60,9.68,9.53,9.63,+0.13,249
1909　榮成,100/11/07,"215,752","2,072,172",9.63,9.63,9.56,9.59,-0.04,66
1909　榮成,100/11/08,"295,997","2,856,656",9.60,9.68,9.60,9.63,+0.04,126
1909　榮成,100/11/09,"375,408","3,611,264",9.65,9.69,9.52,9.55,-0.08,100
1909　榮成,100/11/10,"524,112","4,918,635",9.50,9.53,9.28,9.30,-0.25,174
1909　榮成,100/11/11,"306,542","2,854,254",9.31,9.40,9.29,9.30, 0.00,119
1909　榮成,100/11/14,"220,976","2,075,663",9.40,9.42,9.37,9.40,+0.10,75
1909　榮成,100/11/15,"323,666","3,042,885",9.41,9.42,9.38,9.40, 0.00,105
1909　榮成,100/11/16,"422,304","3,950,430",9.38,9.40,9.29,9.29,-0.11,133
1909　榮成,100/11/17,"313,771","2,912,857",9.25,9.39,9.22,9.39,+0.10,110
1909　榮成,100/11/18,"217,864","2,019,397",9.27,9.35,9.22,9.22,-0.17,80
1909　榮成,100/11/21,"857,055","7,883,569",9.22,9.28,9.14,9.17,-0.05,178
1909　榮成,100/11/22,"455,803","4,176,798",9.10,9.27,9.10,9.15,-0.02,167
1909　榮成,100/11/23,"373,449","3,356,538",9.43,9.43,8.85,8.90,-0.25,132
1909　榮成,100/11/24,"337,003","3,026,673",8.90,9.10,8.90,9.00,+0.10,120
1909　榮成,100/11/25,"519,054","4,639,345",8.90,9.00,8.86,8.90,-0.10,118
1909　榮成,100/11/28,"361,250","3,213,999",8.88,8.95,8.84,8.85,-0.05,125
1909　榮成,100/11/29,"486,511","4,319,073",8.94,8.95,8.85,8.87,+0.02,119
1909　榮成,100/11/30,"866,515","7,303,616",8.87,8.87,8.25,8.50,-0.37,281
1909　榮成,100/12/01,"692,866","6,064,629",8.65,8.88,8.60,8.77,+0.27,254
1909　榮成,100/12/02,"303,993","2,662,687",8.80,8.80,8.73,8.79,+0.02,92
1909　榮成,100/12/05,"186,864","1,642,456",8.80,8.84,8.74,8.81,+0.02,66
1909　榮成,100/12/06,"143,528","1,262,399",8.85,8.85,8.75,8.76,-0.05,72
1909　榮成,100/12/07,"216,609","1,901,504",8.72,8.85,8.72,8.83,+0.07,101
1909　榮成,100/12/08,"271,000","2,363,010",8.80,8.80,8.67,8.80,-0.03,97
1909　榮成,100/12/09,"254,337","2,209,793",8.75,8.78,8.64,8.66,-0.14,98
1909　榮成,100/12/12,"396,502","3,440,796",8.60,8.74,8.60,8.71,+0.05,61
1909　榮成,100/12/13,"247,150","2,114,333",8.50,8.63,8.50,8.52,-0.19,107
1909　榮成,100/12/14,"313,562","2,675,351",8.30,8.69,8.30,8.69,+0.17,184
1909　榮成,100/12/15,"279,304","2,376,829",8.42,8.59,8.42,8.49,-0.20,166
1909　榮成,100/12/16,"407,463","3,438,094",8.43,8.56,8.40,8.50,+0.01,130
1909　榮成,100/12/19,"747,681","6,148,743",8.35,8.40,8.10,8.20,-0.30,174
1909　榮成,100/12/20,"436,675","3,565,186",8.25,8.27,8.11,8.14,-0.06,113
1909　榮成,100/12/21,"380,309","3,196,373",8.25,8.47,8.25,8.45,+0.31,148
1909　榮成,100/12/22,"282,819","2,373,756",8.45,8.45,8.32,8.40,-0.05,73
1909　榮成,100/12/23,"572,606","4,896,053",8.40,8.62,8.40,8.58,+0.18,190
1909　榮成,100/12/26,"355,479","3,025,077",8.58,8.58,8.45,8.54,-0.04,83
1909　榮成,100/12/27,"344,017","2,909,732",8.56,8.56,8.43,8.50,-0.04,51
1909　榮成,100/12/28,"401,672","3,416,431",8.50,8.56,8.46,8.50, 0.00,76
1909　榮成,100/12/29,"224,600","1,900,892",8.40,8.54,8.40,8.49,-0.01,74
1909　榮成,100/12/30,"83,775","712,492",8.55,8.55,8.48,8.50,+0.01,52
1909　榮成,101/01/02,"222,052","1,885,546",8.50,8.54,8.46,8.46,-0.04,51
1909　榮成,101/01/03,"107,547","913,357",8.50,8.54,8.46,8.48,+0.02,57
1909　榮成,101/01/04,"261,429","2,223,107",8.51,8.54,8.45,8.50,+0.02,97
1909　榮成,101/01/05,"534,534","4,560,110",8.53,8.59,8.48,8.55,+0.05,130
1909　榮成,101/01/06,"333,535","2,836,087",8.55,8.55,8.48,8.50,-0.05,168
1909　榮成,101/01/09,"251,983","2,123,814",8.50,8.50,8.40,8.49,-0.01,80
1909　榮成,101/01/10,"479,163","4,065,764",8.50,8.52,8.45,8.49, 0.00,131
1909　榮成,101/01/11,"336,742","2,853,476",8.49,8.50,8.43,8.43,-0.06,99
1909　榮成,101/01/12,"503,451","4,235,862",8.43,8.47,8.39,8.40,-0.03,141
1909　榮成,101/01/13,"353,711","2,975,427",8.40,8.49,8.38,8.39,-0.01,142
1909　榮成,101/01/16,"245,000","2,059,530",8.42,8.47,8.36,8.40,+0.01,90
1909　榮成,101/01/17,"366,708","3,111,328",8.40,8.53,8.40,8.53,+0.13,124
1909　榮成,101/01/18,"373,511","3,164,791",8.51,8.53,8.42,8.50,-0.03,98
1909　榮成,101/01/30,"749,028","6,478,854",8.60,8.70,8.56,8.60,+0.10,258
1909　榮成,101/01/31,"668,121","5,839,496",8.65,8.80,8.60,8.80,+0.20,211
1909　榮成,101/02/01,"1,405,978","12,614,293",8.80,9.06,8.79,9.00,+0.20,412
1909　榮成,101/02/02,"1,011,262","9,182,711",9.03,9.15,9.00,9.13,+0.13,310
1909　榮成,101/02/03,"643,647","5,851,492",9.15,9.15,9.04,9.09,-0.04,202
1909　榮成,101/02/04,"949,012","8,721,645",9.15,9.30,9.10,9.24,+0.15,274
1909　榮成,101/02/06,"617,179","5,662,202",9.25,9.25,9.14,9.19,-0.05,221
1909　榮成,101/02/07,"415,823","3,810,029",9.24,9.25,9.10,9.15,-0.04,179
1909　榮成,101/02/08,"1,043,462","9,629,890",9.20,9.31,9.15,9.27,+0.12,325
1909　榮成,101/02/09,"856,701","7,953,457",9.33,9.33,9.26,9.28,+0.01,258
1909　榮成,101/02/10,"960,343","8,958,630",9.30,9.39,9.28,9.30,+0.02,240
1909　榮成,101/02/13,"729,068","6,769,343",9.16,9.36,9.16,9.32,+0.02,200
1909　榮成,101/02/14,"564,306","5,235,768",9.32,9.37,9.22,9.24,-0.08,189
1909　榮成,101/02/15,"715,821","6,691,246",9.30,9.39,9.30,9.39,+0.15,246
1909　榮成,101/02/16,"2,507,692","23,797,717",9.31,9.56,9.31,9.35,-0.04,629
1909　榮成,101/02/17,"1,099,805","10,398,484",9.47,9.53,9.37,9.43,+0.08,357
1909　榮成,101/02/20,"3,782,738","36,860,265",9.53,9.88,9.51,9.88,+0.45,804
1909　榮成,101/02/21,"1,223,684","11,935,559",9.95,9.95,9.66,9.78,-0.10,399
1909　榮成,101/02/22,"1,745,840","17,177,739",9.78,9.89,9.75,9.81,+0.03,406
1909　榮成,101/02/23,"742,520","7,265,991",9.81,9.84,9.73,9.73,-0.08,245
1909　榮成,101/02/24,"1,066,693","10,443,642",9.75,9.84,9.70,9.73, 0.00,304
1909　榮成,101/02/29,"1,281,019","12,668,738",9.83,9.95,9.79,9.87,+0.14,313
1909　榮成,101/03/01,"955,735","9,438,613",9.90,9.94,9.80,9.90,+0.03,195
1909　榮成,101/03/02,"2,062,691","20,601,063",9.91,10.05,9.91,9.97,+0.07,337
1909　榮成,101/03/03,"499,937","4,969,452",9.99,10.00,9.91,9.99,+0.02,118
1909　榮成,101/03/05,"612,929","6,088,902",9.99,10.00,9.86,9.86,-0.13,189
1909　榮成,101/03/06,"1,101,767","10,641,966",9.79,9.82,9.56,9.65,-0.21,257
1909　榮成,101/03/07,"659,513","6,386,511",9.56,9.77,9.55,9.68,+0.03,184
1909　榮成,101/03/08,"700,839","6,796,906",9.76,9.76,9.65,9.70,+0.02,248
1909　榮成,101/03/09,"525,893","5,125,921",9.70,9.80,9.70,9.78,+0.08,231
1909　榮成,101/03/12,"411,453","4,006,853",9.78,9.79,9.70,9.74,-0.04,161
1909　榮成,101/03/13,"474,024","4,633,494",9.75,9.82,9.70,9.79,+0.05,220
1909　榮成,101/03/14,"631,941","6,242,077",9.88,9.93,9.82,9.89,+0.10,352
1909　榮成,101/03/15,"341,691","3,382,826",9.89,9.93,9.82,9.93,+0.04,235
1909　榮成,101/03/16,"339,183","3,359,497",9.95,9.95,9.85,9.91,-0.02,113
1909　榮成,101/03/19,"166,016","1,631,791",9.91,9.91,9.79,9.84,-0.07,83
1909　榮成,101/03/20,"250,384","2,446,550",9.84,9.84,9.72,9.72,-0.12,98
1909　榮成,101/03/21,"1,450,232","13,873,948",9.72,9.74,9.46,9.55,-0.17,391
1909　榮成,101/03/22,"1,113,472","10,546,684",9.50,9.54,9.42,9.47,-0.08,270
1909　榮成,101/03/23,"433,538","4,084,577",9.43,9.49,9.40,9.40,-0.07,197
1909　榮成,101/03/26,"626,931","5,851,010",9.43,9.44,9.29,9.35,-0.05,179
1909　榮成,101/03/27,"553,602","5,144,352",9.35,9.35,9.27,9.28,-0.07,145
1909　榮成,101/03/28,"557,215","5,168,561",9.35,9.35,9.25,9.28, 0.00,149
1909　榮成,101/03/29,"729,771","6,600,898",9.27,9.27,8.96,9.00,-0.28,194
1909　榮成,101/03/30,"453,609","4,069,735",9.00,9.07,8.91,9.01,+0.01,132
1909　榮成,101/04/02,"461,827","4,148,230",9.03,9.03,8.95,9.00,-0.01,170
1909　榮成,101/04/03,"491,007","4,379,558",9.00,9.05,8.76,8.92,-0.08,184
1909　榮成,101/04/05,"828,733","7,274,098",8.85,8.88,8.64,8.80,-0.12,191
1909　榮成,101/04/06,"597,553","5,293,913",8.80,8.90,8.80,8.85,+0.05,203
1909　榮成,101/04/09,"238,231","2,088,320",8.82,8.85,8.71,8.77,-0.08,108
1909　榮成,101/04/10,"283,315","2,503,836",8.80,8.89,8.65,8.83,+0.06,108
1909　榮成,101/04/11,"153,786","1,348,240",8.70,8.78,8.70,8.78,-0.05,86
1909　榮成,101/04/12,"360,490","3,172,257",8.85,8.85,8.72,8.80,+0.02,157
1909　榮成,101/04/13,"698,500","6,186,538",8.68,8.96,8.68,8.92,+0.12,238
1909　榮成,101/04/16,"138,780","1,229,219",8.85,8.90,8.82,8.88,-0.04,64
1909　榮成,101/04/17,"347,258","3,040,088",8.88,8.88,8.69,8.72,-0.16,112
1909　榮成,101/04/18,"422,737","3,705,943",8.76,8.79,8.72,8.77,+0.05,102
1909　榮成,101/04/19,"161,783","1,413,810",8.77,8.77,8.71,8.74,-0.03,62
1909　榮成,101/04/20,"488,439","4,252,534",8.73,8.73,8.68,8.69,-0.05,141
1909　榮成,101/04/23,"347,666","2,991,986",8.69,8.69,8.57,8.60,-0.09,105
1909　榮成,101/04/24,"427,977","3,655,472",8.52,8.60,8.50,8.53,-0.07,108
1909　榮成,101/04/25,"354,745","3,049,099",8.53,8.62,8.53,8.58,+0.05,75
1909　榮成,101/04/26,"156,784","1,349,334",8.66,8.66,8.56,8.56,-0.02,53
1909　榮成,101/04/27,"255,679","2,180,611",8.60,8.61,8.48,8.48,-0.08,109
1909　榮成,101/04/30,"411,564","3,467,158",8.48,8.48,8.40,8.41,-0.07,128
1909　榮成,101/05/02,"763,571","6,516,993",8.51,8.60,8.49,8.60,+0.19,171
1909　榮成,101/05/03,"136,437","1,167,795",8.60,8.60,8.52,8.55,-0.05,65
1909　榮成,101/05/04,"323,104","2,768,448",8.60,8.60,8.55,8.56,+0.01,166
1909　榮成,101/05/07,"295,252","2,485,743",8.51,8.51,8.37,8.47,-0.09,120
1909　榮成,101/05/08,"224,828","1,890,818",8.43,8.45,8.40,8.42,-0.05,87
1909　榮成,101/05/09,"431,416","3,617,638",8.40,8.40,8.36,8.37,-0.05,155
1909　榮成,101/05/10,"215,129","1,801,856",8.40,8.41,8.34,8.34,-0.03,83
1909　榮成,101/05/11,"308,538","2,550,163",8.34,8.38,8.21,8.30,-0.04,128
1909　榮成,101/05/14,"394,795","3,235,720",8.28,8.29,8.15,8.23,-0.07,127
1909　榮成,101/05/15,"516,885","4,191,095",8.15,8.18,8.07,8.14,-0.09,165
1909　榮成,101/05/16,"514,846","4,149,798",8.14,8.16,8.03,8.10,-0.04,174
1909　榮成,101/05/17,"328,389","2,656,710",8.10,8.12,8.05,8.11,+0.01,135
1909　榮成,101/05/18,"641,013","5,049,349",7.62,8.00,7.62,7.97,-0.14,267
1909　榮成,101/05/21,"206,105","1,637,351",7.97,8.00,7.88,7.97, 0.00,99
1909　榮成,101/05/22,"336,086","2,681,585",8.05,8.05,7.91,8.03,+0.06,199
1909　榮成,101/05/23,"296,205","2,345,815",7.90,7.99,7.86,7.95,-0.08,130
1909　榮成,101/05/24,"422,896","3,316,506",7.82,7.96,7.75,7.82,-0.13,88
1909　榮成,101/05/25,"433,158","3,378,985",7.80,7.88,7.75,7.83,+0.01,138
1909　榮成,101/05/28,"227,265","1,775,653",7.83,7.84,7.76,7.84,+0.01,63
1909　榮成,101/05/29,"567,570","4,510,089",7.84,8.10,7.78,7.99,+0.15,158
1909　榮成,101/05/30,"311,009","2,458,626",7.99,7.99,7.84,7.94,-0.05,130
1909　榮成,101/05/31,"228,100","1,796,350",7.88,8.01,7.80,8.01,+0.07,97
1909　榮成,101/06/01,"287,508","2,270,690",8.01,8.01,7.83,7.92,-0.09,88
1909　榮成,101/06/04,"412,971","3,191,450",7.82,7.88,7.62,7.74,-0.18,123
1909　榮成,101/06/05,"307,846","2,399,261",7.80,7.84,7.74,7.78,+0.04,86
1909　榮成,101/06/06,"283,580","2,211,042",7.83,7.83,7.70,7.80,+0.02,90
1909　榮成,101/06/07,"290,571","2,268,984",7.80,7.87,7.77,7.77,-0.03,82
1909　榮成,101/06/08,"89,620","695,209",7.77,7.81,7.72,7.75,-0.02,48
1909　榮成,101/06/11,"587,317","4,588,260",7.80,7.84,7.75,7.80,+0.05,129
1909　榮成,101/06/12,"161,000","1,248,320",7.73,7.80,7.73,7.74,-0.06,49
1909　榮成,101/06/13,"496,897","3,841,125",7.75,7.80,7.70,7.70,-0.04,158
1909　榮成,101/06/14,"375,054","2,895,677",7.70,7.78,7.70,7.71,+0.01,183
1909　榮成,101/06/15,"327,093","2,538,231",7.75,7.80,7.71,7.78,+0.07,79
1909　榮成,101/06/18,"369,312","2,891,739",7.80,7.90,7.80,7.84,+0.06,93
1909　榮成,101/06/19,"310,446","2,422,625",7.81,7.85,7.79,7.80,-0.04,111
1909　榮成,101/06/20,"157,898","1,234,512",7.81,7.83,7.80,7.82,+0.02,53
1909　榮成,101/06/21,"395,971","3,114,507",7.86,7.89,7.84,7.87,+0.05,125
1909　榮成,101/06/22,"144,699","1,130,708",7.80,7.85,7.80,7.80,-0.07,65
1909　榮成,101/06/25,"180,817","1,404,756",7.80,7.80,7.73,7.75,-0.05,64
1909　榮成,101/06/26,"313,090","2,416,759",7.73,7.75,7.68,7.72,-0.03,94
1909　榮成,101/06/27,"244,080","1,885,716",7.69,7.75,7.69,7.72, 0.00,86
1909　榮成,101/06/28,"136,849","1,059,770",7.78,7.79,7.72,7.73,+0.01,56
1909　榮成,101/06/29,"258,722","2,008,446",7.78,7.80,7.72,7.74,+0.01,125
1909　榮成,101/07/02,"325,087","2,523,883",7.80,7.88,7.74,7.74, 0.00,193
1909　榮成,101/07/03,"807,005","6,243,046",7.75,7.80,7.70,7.75,+0.01,161
1909　榮成,101/07/04,"691,625","5,394,250",7.76,7.85,7.76,7.79,+0.04,340
1909　榮成,101/07/05,"463,279","3,620,547",7.80,7.85,7.79,7.80,+0.01,206
1909　榮成,101/07/06,"720,356","5,578,103",7.89,7.89,7.70,7.70,-0.10,295
1909　榮成,101/07/09,"316,910","2,442,194",7.70,7.72,7.70,7.70, 0.00,130
1909　榮成,101/07/10,"194,103","1,491,814",7.70,7.77,7.65,7.69,-0.01,69
1909　榮成,101/07/11,"274,925","2,106,585",7.60,7.69,7.60,7.65,-0.04,197
1909　榮成,101/07/12,"597,849","4,572,747",7.66,7.70,7.61,7.69,+0.04,166
1909　榮成,101/07/13,"304,372","2,318,497",7.61,7.67,7.60,7.64,-0.05,119
1909　榮成,101/07/16,"79,510","606,324",7.62,7.68,7.60,7.63,-0.01,35
1909　榮成,101/07/17,"79,221","603,490",7.65,7.66,7.61,7.62,-0.01,32
1909　榮成,101/07/18,"381,001","2,895,617",7.63,7.64,7.56,7.56,-0.06,120
1909　榮成,101/07/19,"325,925","2,472,911",7.58,7.60,7.57,7.60,+0.04,163
1909　榮成,101/07/20,"274,112","2,080,922",7.60,7.64,7.58,7.59,-0.01,87
1909　榮成,101/07/23,"252,593","1,907,188",7.56,7.59,7.54,7.55,-0.04,70
1909　榮成,101/07/24,"144,514","1,086,564",7.51,7.55,7.50,7.52,-0.03,59
1909　榮成,101/07/25,"138,880","1,044,722",7.50,7.59,7.49,7.50,-0.02,87
1909　榮成,101/07/26,"75,355","566,682",7.50,7.56,7.48,7.52,+0.02,40
1909　榮成,101/07/27,"148,821","1,123,323",7.54,7.56,7.54,7.54,+0.02,60
1909　榮成,101/07/30,"100,350","763,033",7.60,7.64,7.57,7.60,+0.06,42
1909　榮成,101/07/31,"172,859","1,309,849",7.50,7.62,7.50,7.56,-0.04,79
1909　榮成,101/08/01,"157,572","1,198,442",7.62,7.62,7.58,7.60,+0.04,53
1909　榮成,101/08/03,"85,183","641,480",7.60,7.60,7.50,7.56,-0.04,36
1909　榮成,101/08/06,"121,006","916,824",7.58,7.61,7.56,7.58,+0.02,54
1909　榮成,101/08/07,"196,661","1,490,840",7.58,7.60,7.56,7.59,+0.01,66
1909　榮成,101/08/08,"381,835","2,919,812",7.65,7.68,7.61,7.64,+0.05,84
1909　榮成,101/08/09,"447,520","3,439,409",7.68,7.71,7.66,7.71,+0.07,136
1909　榮成,101/08/10,"351,910","2,713,688",7.73,7.76,7.67,7.74,+0.03,133
1909　榮成,101/08/13,"472,451","3,639,349",7.68,7.76,7.68,7.72,-0.02,193
1909　榮成,101/08/14,"488,508","3,787,455",7.74,7.80,7.68,7.75,+0.03,212
1909　榮成,101/08/15,"310,937","2,416,919",7.77,7.83,7.72,7.79,+0.04,139
1909　榮成,101/08/16,"429,924","3,360,064",7.82,7.83,7.79,7.83,+0.04,125
1909　榮成,101/08/17,"630,714","4,976,896",7.84,7.93,7.84,7.88,+0.05,177
1909　榮成,101/08/20,"1,050,601","8,116,977",7.88,7.88,7.64,7.68,-0.20,331
1909　榮成,101/08/21,"339,376","2,635,078",7.73,7.80,7.70,7.78,+0.10,112
1909　榮成,101/08/22,"305,041","2,373,792",7.72,7.81,7.72,7.79,+0.01,95
1909　榮成,101/08/23,"350,052","2,740,529",7.79,7.88,7.79,7.86,+0.07,119
1909　榮成,101/08/24,"215,204","1,691,445",7.85,7.88,7.82,7.86, 0.00,62
1909　榮成,101/08/27,"272,429","2,151,067",7.90,7.93,7.87,7.90,+0.04,79
1909　榮成,101/08/28,"322,128","2,533,666",7.90,7.91,7.80,7.84,-0.06,105
1909　榮成,101/08/29,"219,248","1,725,768",7.92,7.92,7.84,7.86,+0.02,64
1909　榮成,101/08/30,"2,104,265","16,953,303",7.86,8.10,7.84,7.96,+0.10,332
1909　榮成,101/08/31,"279,679","2,215,132",7.95,8.00,7.86,7.86,-0.10,93
1909　榮成,101/09/03,"789,650","6,207,480",7.86,7.95,7.82,7.95,+0.09,97
1909　榮成,101/09/04,"182,413","1,445,198",8.00,8.00,7.87,7.94,-0.01,93
1909　榮成,101/09/05,"231,035","1,821,069",7.94,7.95,7.82,7.86,-0.08,105
1909　榮成,101/09/06,"543,321","4,247,810",7.85,7.90,7.77,7.78,-0.08,155
1909　榮成,101/09/07,"1,082,740","8,477,779",7.84,7.90,7.80,7.82,+0.04,138
1909　榮成,101/09/10,"781,505","6,225,358",7.85,8.01,7.85,8.00,+0.18,244
1909　榮成,101/09/11,"426,556","3,387,454",8.05,8.05,7.88,7.88,-0.12,189
1909　榮成,101/09/12,"607,263","4,828,256",7.91,8.02,7.88,7.91,+0.03,217
1909　榮成,101/09/13,"489,743","3,877,733",7.92,7.97,7.89,7.89,-0.02,178
1909　榮成,101/09/14,"591,981","4,703,853",7.95,8.00,7.91,8.00,+0.11,284
1909　榮成,101/09/17,"630,184","5,051,442",8.00,8.05,7.98,8.05,+0.05,420
1909　榮成,101/09/18,"744,592","5,958,326",8.05,8.05,7.96,8.00,-0.05,586
1909　榮成,101/09/19,"921,978","7,412,708",8.05,8.09,7.99,8.05,+0.05,408
1909　榮成,101/09/20,"1,123,115","8,994,490",8.05,8.09,7.96,7.99,-0.06,236
1909　榮成,101/09/21,"1,577,991","12,768,614",7.98,8.15,7.98,8.07,+0.08,524
1909　榮成,101/09/24,"524,649","4,230,474",8.11,8.12,8.02,8.08,+0.01,275
1909　榮成,101/09/25,"842,739","6,843,032",8.11,8.14,8.08,8.10,+0.02,190
1909　榮成,101/09/26,"665,183","5,349,504",8.07,8.09,8.01,8.01,-0.09,124
1909　榮成,101/09/27,"430,989","3,452,435",8.00,8.05,7.98,7.98,-0.03,134
1909　榮成,101/09/28,"453,666","3,629,395",8.09,8.09,7.95,8.02,+0.04,154
1909　榮成,101/10/01,"372,853","2,992,525",8.00,8.06,7.99,8.00,-0.02,111
1909　榮成,101/10/02,"355,704","2,857,543",8.00,8.06,8.00,8.00, 0.00,116
1909　榮成,101/10/03,"378,176","2,983,345",7.80,7.94,7.80,7.89,-0.11,122
1909　榮成,101/10/04,"507,339","3,989,167",7.89,7.95,7.80,7.95,+0.06,165
1909　榮成,101/10/05,"569,508","4,518,649",7.98,7.98,7.88,7.90,-0.05,113
1909　榮成,101/10/08,"1,418,124","11,360,857",7.90,8.10,7.86,7.90, 0.00,229
1909　榮成,101/10/09,"683,893","5,422,232",7.90,7.95,7.90,7.93,+0.03,156
1909　榮成,101/10/11,"832,164","6,557,147",7.90,7.93,7.81,7.89,-0.04,221
1909　榮成,101/10/12,"421,908","3,330,045",7.89,7.97,7.84,7.92,+0.03,153
1909　榮成,101/10/15,"490,476","3,903,056",7.96,8.00,7.91,7.98,+0.06,210
1909　榮成,101/10/16,"192,369","1,533,820",7.98,8.00,7.95,7.95,-0.03,75
1909　榮成,101/10/17,"366,511","2,910,686",7.91,7.98,7.90,7.92,-0.03,106
1909　榮成,101/10/18,"190,046","1,506,859",7.93,7.99,7.91,7.93,+0.01,66
1909　榮成,101/10/19,"143,758","1,138,579",7.93,7.95,7.90,7.91,-0.02,43
1909　榮成,101/10/22,"153,691","1,206,661",7.91,7.91,7.82,7.86,-0.05,58
1909　榮成,101/10/23,"194,227","1,517,462",7.80,7.87,7.80,7.80,-0.06,80
1909　榮成,101/10/24,"324,255","2,498,886",7.70,7.77,7.67,7.70,-0.10,110
1909　榮成,101/10/25,"183,075","1,410,099",7.70,7.73,7.68,7.69,-0.01,61
1909　榮成,101/10/26,"447,719","3,406,602",7.67,7.73,7.41,7.56,-0.13,144
1909　榮成,101/10/29,"309,954","2,306,948",7.56,7.56,7.40,7.41,-0.15,93
1909　榮成,101/10/30,"219,192","1,639,082",7.48,7.54,7.42,7.48,+0.07,99
1909　榮成,101/10/31,"113,353","846,094",7.43,7.50,7.43,7.49,+0.01,40
1909　榮成,101/11/01,"298,595","2,240,481",7.53,7.57,7.44,7.56,+0.07,75
1909　榮成,101/11/02,"128,434","977,742",7.60,7.65,7.56,7.60,+0.04,56
1909　榮成,101/11/05,"126,752","956,480",7.59,7.59,7.52,7.53,-0.07,50
1909　榮成,101/11/06,"92,855","701,860",7.53,7.61,7.53,7.60,+0.07,48
1909　榮成,101/11/07,"282,005","2,149,966",7.60,7.68,7.58,7.61,+0.01,65
1909　榮成,101/11/08,"197,471","1,502,135",7.58,7.70,7.55,7.65,+0.04,61
1909　榮成,101/11/09,"186,633","1,431,599",7.65,7.72,7.58,7.66,+0.01,78
1909　榮成,101/11/12,"203,442","1,559,916",7.60,7.76,7.60,7.69,+0.03,59
1909　榮成,101/11/13,"176,000","1,339,638",7.67,7.69,7.56,7.62,-0.07,104
1909　榮成,101/11/14,"111,573","848,155",7.60,7.62,7.59,7.60,-0.02,49
1909　榮成,101/11/15,"111,081","842,087",7.58,7.61,7.56,7.61,+0.01,39
1909　榮成,101/11/16,"119,999","914,758",7.58,7.70,7.58,7.62,+0.01,72
1909　榮成,101/11/19,"86,057","657,482",7.62,7.68,7.62,7.66,+0.04,36
1909　榮成,101/11/20,"134,999","1,038,759",7.66,7.75,7.66,7.66, 0.00,54
1909　榮成,101/11/21,"264,655","2,000,782",7.66,7.68,7.45,7.46,-0.20,134
1909　榮成,101/11/22,"132,520","1,001,388",7.60,7.60,7.53,7.54,+0.08,39
1909　榮成,101/11/23,"142,173","1,083,436",7.50,7.67,7.50,7.65,+0.11,58
1909　榮成,101/11/26,"151,513","1,165,712",7.66,7.73,7.66,7.69,+0.04,67
1909　榮成,101/11/27,"177,755","1,373,588",7.70,7.77,7.69,7.70,+0.01,65
1909　榮成,101/11/28,"724,528","5,668,285",7.79,7.88,7.76,7.83,+0.13,193
1909　榮成,101/11/29,"423,923","3,347,910",7.83,7.95,7.83,7.92,+0.09,152
1909　榮成,101/11/30,"633,169","4,998,022",7.92,7.96,7.83,7.90,-0.02,198
1909　榮成,101/12/03,"557,982","4,436,522",7.90,8.02,7.90,7.91,+0.01,160
1909　榮成,101/12/04,"166,871","1,316,795",7.91,7.94,7.84,7.93,+0.02,89
1909　榮成,101/12/05,"278,806","2,227,051",7.93,8.05,7.93,8.02,+0.09,133
1909　榮成,101/12/06,"297,394","2,373,411",8.05,8.05,7.96,7.97,-0.05,101
1909　榮成,101/12/07,"378,811","3,025,870",7.97,8.02,7.93,7.97, 0.00,110
1909　榮成,101/12/10,"197,918","1,574,826",8.00,8.00,7.92,7.93,-0.04,75
1909　榮成,101/12/11,"211,782","1,672,907",7.93,7.95,7.85,7.88,-0.05,93
1909　榮成,101/12/12,"397,772","3,161,212",7.90,8.00,7.90,7.95,+0.07,126
1909　榮成,101/12/13,"295,598","2,357,426",8.00,8.00,7.93,7.95, 0.00,112
1909　榮成,101/12/14,"972,854","7,785,725",7.95,8.04,7.94,7.99,+0.04,194
1909　榮成,101/12/17,"231,870","1,856,061",8.03,8.04,7.97,7.99, 0.00,76
1909　榮成,101/12/18,"243,910","1,950,394",8.02,8.02,7.97,8.00,+0.01,89
1909　榮成,101/12/19,"369,958","2,975,264",8.02,8.07,8.01,8.04,+0.04,134
1909　榮成,101/12/20,"529,900","4,252,540",8.04,8.08,7.95,8.03,-0.01,127
1909　榮成,101/12/21,"241,685","1,922,657",7.90,8.00,7.90,7.98,-0.05,88
1909　榮成,101/12/22,"237,255","1,895,152",7.97,8.01,7.96,7.98, 0.00,72
1909　榮成,101/12/24,"474,747","3,792,229",7.97,8.02,7.96,8.00,+0.02,136
1909　榮成,101/12/25,"346,255","2,776,612",8.00,8.08,7.95,8.02,+0.02,160
1909　榮成,101/12/26,"768,217","6,220,817",8.02,8.18,8.02,8.08,+0.06,289
1909　榮成,101/12/27,"338,277","2,724,566",8.10,8.12,8.03,8.04,-0.04,110
1909　榮成,101/12/28,"307,141","2,482,260",8.04,8.12,8.04,8.07,+0.03,93
1909　榮成,102/01/02,"378,669","3,084,284",8.11,8.18,8.09,8.17,+0.10,151
1909　榮成,102/01/03,"1,511,852","12,552,083",8.30,8.36,8.26,8.30,+0.13,273
1909　榮成,102/01/04,"381,220","3,153,103",8.30,8.33,8.23,8.23,-0.07,153
1909　榮成,102/01/07,"352,008","2,907,218",8.26,8.29,8.24,8.26,+0.03,171
1909　榮成,102/01/08,"341,967","2,807,347",8.22,8.26,8.17,8.17,-0.09,127
1909　榮成,102/01/09,"291,230","2,387,599",8.17,8.24,8.17,8.18,+0.01,65
1909　榮成,102/01/10,"418,630","3,440,516",8.18,8.26,8.18,8.20,+0.02,124
1909　榮成,102/01/11,"312,226","2,577,731",8.22,8.28,8.22,8.27,+0.07,154
1909　榮成,102/01/14,"386,351","3,172,797",8.25,8.25,8.10,8.21,-0.06,147
1909　榮成,102/01/15,"1,621,395","13,372,939",8.25,8.34,8.15,8.27,+0.06,190
1909　榮成,102/01/16,"1,996,719","16,408,010",8.26,8.26,8.16,8.16,-0.11,196
1909　榮成,102/01/17,"482,210","3,912,543",8.17,8.19,8.05,8.05,-0.11,125
1909　榮成,102/01/18,"243,826","1,975,807",8.07,8.13,8.07,8.10,+0.05,69
1909　榮成,102/01/21,"443,710","3,582,078",8.04,8.12,8.04,8.06,-0.04,93
1909　榮成,102/01/22,"210,626","1,701,808",8.06,8.12,8.03,8.12,+0.06,65
1909　榮成,102/01/23,"130,830","1,058,822",8.10,8.13,8.07,8.08,-0.04,44
1909　榮成,102/01/24,"292,782","2,363,678",8.06,8.10,8.06,8.07,-0.01,52
1909　榮成,102/01/25,"264,602","2,130,156",8.07,8.07,8.03,8.03,-0.04,88
1909　榮成,102/01/28,"198,728","1,599,318",8.05,8.09,8.03,8.09,+0.06,66
1909　榮成,102/01/29,"349,032","2,816,195",8.08,8.10,8.04,8.08,-0.01,67
1909　榮成,102/01/30,"294,999","2,385,017",8.08,8.12,8.06,8.07,-0.01,135
1909　榮成,102/01/31,"140,209","1,133,601",8.07,8.12,8.06,8.08,+0.01,74
1909　榮成,102/02/01,"210,762","1,703,846",8.07,8.11,8.07,8.07,-0.01,59
1909　榮成,102/02/04,"564,030","4,597,687",8.09,8.18,8.09,8.14,+0.07,116
1909　榮成,102/02/05,"125,144","1,013,755",8.17,8.17,8.07,8.07,-0.07,54
1909　榮成,102/02/06,"321,868","2,600,114",8.10,8.10,8.05,8.05,-0.02,103
1909　榮成,102/02/18,"241,718","1,957,249",8.09,8.13,8.08,8.08,+0.03,73
1909　榮成,102/02/19,"317,677","2,577,237",8.09,8.13,8.09,8.10,+0.02,140
1909　榮成,102/02/20,"1,198,604","9,781,590",8.16,8.23,8.11,8.23,+0.13,188
1909　榮成,102/02/21,"817,772","6,707,838",8.20,8.30,8.15,8.18,-0.05,170
1909　榮成,102/02/22,"1,817,298","14,976,767",8.18,8.31,8.15,8.25,+0.07,205
1909　榮成,102/02/23,"577,899","4,797,991",8.25,8.32,8.25,8.30,+0.05,155
1909　榮成,102/02/25,"330,293","2,737,439",8.31,8.34,8.26,8.27,-0.03,133
1909　榮成,102/02/26,"227,426","1,868,559",8.30,8.30,8.18,8.18,-0.09,74
1909　榮成,102/02/27,"393,242","3,225,470",8.20,8.25,8.18,8.22,+0.04,102
1909　榮成,102/03/01,"346,499","2,844,979",8.27,8.27,8.18,8.20,-0.02,115
1909　榮成,102/03/04,"584,747","4,753,968",8.20,8.21,8.06,8.13,-0.07,235
1909　榮成,102/03/05,"331,312","2,699,341",8.18,8.19,8.12,8.16,+0.03,140
1909　榮成,102/03/06,"443,232","3,621,756",8.20,8.21,8.15,8.17,+0.01,138
1909　榮成,102/03/07,"228,749","1,873,372",8.18,8.20,8.17,8.18,+0.01,75
1909　榮成,102/03/08,"580,473","4,749,038",8.18,8.20,8.16,8.19,+0.01,87
1909　榮成,102/03/11,"440,364","3,599,793",8.20,8.20,8.16,8.16,-0.03,147
1909　榮成,102/03/12,"371,328","3,030,863",8.16,8.20,8.13,8.13,-0.03,92
1909　榮成,102/03/13,"366,814","2,983,129",8.13,8.16,8.12,8.12,-0.01,79
1909　榮成,102/03/14,"1,478,101","12,224,934",8.25,8.30,8.21,8.26,+0.14,277
1909　榮成,102/03/15,"441,874","3,656,706",8.28,8.32,8.20,8.26, 0.00,132
1909　榮成,102/03/18,"254,545","2,087,994",8.23,8.25,8.16,8.20,-0.06,100
1909　榮成,102/03/19,"252,396","2,072,525",8.20,8.28,8.19,8.21,+0.01,92
1909　榮成,102/03/20,"767,658","6,300,346",8.17,8.23,8.13,8.17,-0.04,136
1909　榮成,102/03/21,"1,060,814","8,703,484",8.17,8.27,8.14,8.23,+0.06,179
1909　榮成,102/03/22,"318,286","2,598,556",8.21,8.21,8.10,8.17,-0.06,112
1909　榮成,102/03/25,"661,378","5,444,620",8.17,8.28,8.17,8.28,+0.11,150
1909　榮成,102/03/26,"6,298,572","55,722,718",8.85,8.85,8.80,8.85,+0.57,935
1909　榮成,102/03/27,"2,987,755","26,778,669",9.10,9.10,8.82,8.84,-0.01,812
1909　榮成,102/03/28,"1,350,997","11,903,473",8.85,8.91,8.71,8.90,+0.06,367
1909　榮成,102/03/29,"884,178","7,895,193",8.95,8.99,8.86,8.93,+0.03,272
1909　榮成,102/04/01,"1,089,520","9,772,972",9.00,9.02,8.91,8.91,-0.02,263
1909　榮成,102/04/02,"1,651,654","14,851,330",8.99,9.04,8.96,9.00,+0.09,322
1909　榮成,102/04/03,"958,960","8,678,006",9.03,9.09,9.03,9.06,+0.06,203
1909　榮成,102/04/08,"975,289","8,698,903",8.97,8.99,8.80,8.93,-0.13,235
1909　榮成,102/04/09,"544,487","4,846,016",8.92,8.93,8.88,8.91,-0.02,164
1909　榮成,102/04/10,"769,623","6,830,924",8.88,8.93,8.80,8.93,+0.02,159
1909　榮成,102/04/11,"629,424","5,635,010",8.95,9.00,8.91,8.97,+0.04,177
1909　榮成,102/04/12,"595,504","5,347,818",8.97,9.00,8.95,9.00,+0.03,151
1909　榮成,102/04/15,"423,768","3,803,777",9.00,9.00,8.94,9.00, 0.00,136
1909　榮成,102/04/16,"378,769","3,399,413",8.95,9.00,8.92,8.99,-0.01,145
1909　榮成,102/04/17,"688,945","6,202,802",9.00,9.05,8.98,9.05,+0.06,203
1909　榮成,102/04/18,"1,536,814","13,979,214",9.00,9.16,9.00,9.09,+0.04,367
1909　榮成,102/04/19,"862,670","7,841,215",9.09,9.17,9.02,9.10,+0.01,186
1909　榮成,102/04/22,"806,212","7,326,715",9.13,9.15,9.04,9.11,+0.01,144
1909　榮成,102/04/23,"791,800","7,203,603",9.15,9.15,9.07,9.12,+0.01,178
1909　榮成,102/04/24,"604,499","5,506,139",9.12,9.16,9.07,9.13,+0.01,161
1909　榮成,102/04/25,"440,493","4,018,812",9.13,9.15,9.10,9.14,+0.01,126
1909　榮成,102/04/26,"940,376","8,642,063",9.20,9.23,9.14,9.20,+0.06,364
1909　榮成,102/04/29,"1,020,659","9,417,430",9.25,9.28,9.17,9.20, 0.00,171
1909　榮成,102/04/30,"742,776","6,852,524",9.20,9.25,9.20,9.23,+0.03,228
1909　榮成,102/05/02,"1,153,867","10,776,184",9.20,9.45,9.20,9.45,+0.22,416
1909　榮成,102/05/03,"2,375,272","22,891,894",9.50,9.74,9.47,9.70,+0.25,688
1909　榮成,102/05/06,"1,190,215","11,592,563",9.80,9.80,9.65,9.72,+0.02,378
1909　榮成,102/05/07,"1,272,687","12,385,517",9.76,9.91,9.58,9.91,+0.19,479
1909　榮成,102/05/08,"1,217,469","12,056,804",9.91,9.95,9.80,9.95,+0.04,416
1909　榮成,102/05/09,"940,430","9,279,845",9.95,9.95,9.81,9.87,-0.08,441
1909　榮成,102/05/10,"871,881","8,586,651",9.86,9.92,9.80,9.80,-0.07,264
1909　榮成,102/05/13,"630,423","6,173,492",9.80,9.85,9.71,9.83,+0.03,175
1909　榮成,102/05/14,"542,335","5,309,622",9.83,9.86,9.71,9.82,-0.01,157
1909　榮成,102/05/15,"1,020,553","10,107,992",9.90,9.98,9.83,9.89,+0.07,233
1909　榮成,102/05/16,"2,336,801","23,370,158",9.90,10.15,9.90,10.15,+0.26,508
1909　榮成,102/05/17,"1,567,541","15,878,910",10.15,10.20,10.05,10.10,-0.05,344
1909　榮成,102/05/20,"1,032,497","10,408,012",10.10,10.15,10.00,10.15,+0.05,235
1909　榮成,102/05/21,"863,060","8,668,040",10.15,10.15,9.95,10.10,-0.05,211
1909　榮成,102/05/22,"1,564,564","15,691,699",10.10,10.15,9.95,10.00,-0.10,296
1909　榮成,102/05/23,"1,528,238","15,210,489",10.00,10.05,9.85,10.05,+0.05,386
1909　榮成,102/05/24,"1,062,081","10,551,018",10.00,10.00,9.88,9.96,-0.09,251
1909　榮成,102/05/27,"1,149,043","11,494,030",9.96,10.15,9.90,10.10,+0.14,231
1909　榮成,102/05/28,"545,447","5,474,751",10.05,10.10,9.97,10.00,-0.10,146
1909　榮成,102/05/29,"780,756","7,883,542",10.05,10.15,10.05,10.10,+0.10,252
1909　榮成,102/05/30,"2,070,143","21,262,954",10.10,10.50,10.05,10.25,+0.15,488
1909　榮成,102/05/31,"981,531","10,108,987",10.40,10.40,10.20,10.35,+0.10,339
1909　榮成,102/06/03,"1,134,963","11,596,321",10.20,10.30,10.15,10.20,-0.15,277
1909　榮成,102/06/04,"823,443","8,441,641",10.25,10.35,10.20,10.20, 0.00,190
1909　榮成,102/06/05,"471,497","4,825,414",10.20,10.30,10.20,10.25,+0.05,181
1909　榮成,102/06/06,"529,846","5,396,444",10.20,10.20,10.15,10.15,-0.10,157
1909　榮成,102/06/07,"3,349,932","34,862,645",10.15,10.55,10.15,10.40,+0.25,779
1909　榮成,102/06/10,"2,757,851","29,289,785",10.50,10.75,10.50,10.55,+0.15,563
1909　榮成,102/06/11,"1,236,917","13,064,575",10.55,10.65,10.45,10.55, 0.00,331
1909　榮成,102/06/13,"1,410,107","14,777,956",10.50,10.55,10.45,10.45,-0.10,374
1909　榮成,102/06/14,"1,675,068","17,393,196",10.55,10.60,10.25,10.35,-0.10,380
1909　榮成,102/06/17,"452,773","4,695,397",10.45,10.45,10.30,10.40,+0.05,103
1909　榮成,102/06/18,"553,229","5,712,293",10.45,10.45,10.25,10.30,-0.10,134
1909　榮成,102/06/19,"626,586","6,507,055",10.35,10.45,10.30,10.30, 0.00,112
1909　榮成,102/06/20,"934,183","9,612,174",10.20,10.35,10.20,10.30, 0.00,170
1909　榮成,102/06/21,"1,214,899","12,350,621",10.20,10.25,10.10,10.15,-0.15,304
1909　榮成,102/06/24,"731,574","7,533,330",10.15,10.40,10.15,10.30,+0.15,276
1909　榮成,102/06/25,"1,161,363","11,791,612",10.15,10.30,10.10,10.15,-0.15,443
1909　榮成,102/06/26,"1,152,468","11,822,945",10.20,10.35,10.15,10.20,+0.05,460
1909　榮成,102/06/27,"669,611","6,857,430",10.30,10.30,10.20,10.25,+0.05,278
1909　榮成,102/06/28,"841,529","8,632,390",10.30,10.30,10.20,10.25, 0.00,392
1909　榮成,102/07/01,"1,401,054","14,435,453",10.25,10.40,10.25,10.35,+0.10,200
1909　榮成,102/07/02,"1,079,049","11,122,944",10.35,10.35,10.25,10.30,-0.05,211
1909　榮成,102/07/03,"1,687,544","17,289,943",10.35,10.35,10.20,10.20,-0.10,351
1909　榮成,102/07/04,"2,984,321","30,031,069",9.83,10.20,9.83,10.20,X0.00,714
1909　榮成,102/07/05,"1,173,461","11,848,528",10.10,10.20,10.05,10.10,-0.10,320
1909　榮成,102/07/08,"11,537,508","123,733,625",10.35,10.80,10.35,10.80,+0.70,"1,734"
1909　榮成,102/07/09,"10,063,336","112,567,065",11.25,11.35,11.00,11.00,+0.20,"2,292"
1909　榮成,102/07/10,"3,290,145","36,247,064",11.00,11.15,10.90,10.95,-0.05,841
1909　榮成,102/07/11,"2,706,448","29,804,995",11.10,11.15,10.85,11.00,+0.05,627
1909　榮成,102/07/12,"2,242,000","24,867,050",11.05,11.25,10.95,11.10,+0.10,529
1909　榮成,102/07/15,"1,446,220","16,060,470",11.20,11.20,11.00,11.10, 0.00,301
1909　榮成,102/07/16,"2,408,730","26,543,149",11.10,11.15,10.90,11.00,-0.10,536
1909　榮成,102/07/17,"1,509,579","16,528,708",11.00,11.10,10.85,10.95,-0.05,752
1909　榮成,102/07/18,"1,673,778","18,401,317",10.95,11.05,10.90,11.05,+0.10,726
1909　榮成,102/07/19,"6,790,645","77,097,252",11.05,11.55,11.05,11.20,+0.15,"1,399"
1909　榮成,102/07/22,"2,119,176","23,730,796",11.20,11.35,11.00,11.20, 0.00,482
1909　榮成,102/07/23,"1,453,608","16,328,969",11.25,11.30,11.15,11.25,+0.05,514
1909　榮成,102/07/24,"2,838,797","32,298,620",11.25,11.50,11.20,11.25, 0.00,582
1909　榮成,102/07/25,"1,984,146","22,424,625",11.40,11.40,11.20,11.20,-0.05,451
1909　榮成,102/07/26,"1,542,161","17,387,546",11.20,11.35,11.20,11.25,+0.05,377
1909　榮成,102/07/29,"1,252,749","14,106,793",11.35,11.35,11.15,11.25, 0.00,273
1909　榮成,102/07/30,"1,541,163","17,232,359",11.20,11.25,11.10,11.20,-0.05,328
1909　榮成,102/07/31,"2,090,992","23,251,209",11.20,11.25,11.05,11.20, 0.00,353
1909　榮成,102/08/01,"4,445,650","50,699,656",11.20,11.55,11.10,11.50,+0.30,994
1909　榮成,102/08/02,"3,687,333","42,429,299",11.55,11.70,11.35,11.35,-0.15,889
1909　榮成,102/08/05,"1,444,205","16,526,680",11.50,11.50,11.40,11.50,+0.15,401
1909　榮成,102/08/06,"1,062,744","12,166,686",11.50,11.55,11.40,11.40,-0.10,323
1909　榮成,102/08/07,"2,772,462","31,689,188",11.50,11.55,11.35,11.40, 0.00,437
1909　榮成,102/08/08,"1,622,977","18,590,437",11.50,11.50,11.40,11.40, 0.00,273
1909　榮成,102/08/09,"2,373,597","26,789,709",11.45,11.45,11.10,11.30,-0.10,436
1909　榮成,102/08/12,"1,101,286","12,449,815",11.30,11.40,11.25,11.30, 0.00,297
1909　榮成,102/08/13,"1,889,908","21,584,701",11.30,11.50,11.30,11.45,+0.15,362
1909　榮成,102/08/14,"1,219,669","13,900,421",11.45,11.50,11.30,11.30,-0.15,202
1909　榮成,102/08/15,"1,883,350","21,520,949",11.35,11.50,11.35,11.40,+0.10,380
1909　榮成,102/08/16,"2,394,199","27,567,063",11.40,11.70,11.30,11.50,+0.10,557
1909　榮成,102/08/19,"919,497","10,515,761",11.50,11.50,11.35,11.35,-0.15,278
1909　榮成,102/08/20,"1,071,577","12,151,390",11.35,11.40,11.30,11.30,-0.05,327
1909　榮成,102/08/22,"1,184,001","13,282,857",11.25,11.35,11.10,11.20,-0.10,395
1909　榮成,102/08/23,"451,000","5,083,045",11.30,11.35,11.20,11.25,+0.05,152
1909　榮成,102/08/26,"872,760","9,847,494",11.30,11.35,11.20,11.30,+0.05,375
1909　榮成,102/08/27,"1,923,709","21,404,413",11.30,11.35,11.00,11.00,-0.30,421
1909　榮成,102/08/28,"986,745","10,895,895",10.95,11.15,10.90,11.05,+0.05,439
1909　榮成,102/08/29,"2,539,965","27,903,515",11.10,11.10,10.90,11.05, 0.00,494
1909　榮成,102/08/30,"2,097,591","22,953,218",11.10,11.15,10.90,10.95,-0.10,429
1909　榮成,102/09/02,"1,664,578","18,346,531",11.00,11.15,10.95,11.05,+0.10,306
1909　榮成,102/09/03,"1,005,124","11,082,464",11.10,11.10,10.95,11.05, 0.00,269
1909　榮成,102/09/04,"921,651","10,133,426",11.10,11.10,10.95,10.95,-0.10,246
1909　榮成,102/09/05,"2,518,737","28,019,359",11.00,11.30,10.95,11.25,+0.30,605
1909　榮成,102/09/06,"1,952,272","21,938,764",11.30,11.35,11.15,11.15,-0.10,387
1909　榮成,102/09/09,"2,492,536","28,167,748",11.30,11.40,11.20,11.25,+0.10,623
1909　榮成,102/09/10,"4,737,262","54,306,902",11.30,11.65,11.30,11.30,+0.05,"1,021"
1909　榮成,102/09/11,"1,616,374","18,457,572",11.40,11.50,11.35,11.45,+0.15,448
1909　榮成,102/09/12,"4,914,465","56,209,997",11.40,11.50,11.35,11.45,X0.00,757
1909　榮成,102/09/13,"2,040,894","23,369,849",11.50,11.55,11.35,11.35,-0.10,390
1909　榮成,102/09/14,"1,561,268","17,706,749",11.40,11.45,11.25,11.25,-0.10,388
1909　榮成,102/09/16,"2,057,735","23,396,452",11.30,11.45,11.30,11.30,+0.05,440
1909　榮成,102/09/17,"5,340,227","60,867,459",11.35,11.50,11.30,11.40,+0.10,662
1909　榮成,102/09/18,"1,360,235","15,469,758",11.50,11.50,11.35,11.35,-0.05,270
1909　榮成,102/09/23,"2,463,939","28,101,808",11.40,11.50,11.30,11.30,-0.05,418
1909　榮成,102/09/24,"1,475,204","16,834,761",11.40,11.50,11.35,11.35,+0.05,239
1909　榮成,102/09/25,"3,487,508","39,627,603",11.35,11.45,11.30,11.35, 0.00,615
1909　榮成,102/09/26,"3,803,683","42,626,215",11.35,11.35,11.10,11.15,-0.20,819
1909　榮成,102/09/27,"7,127,917","78,646,667",11.15,11.25,10.90,11.10,-0.05,"1,403"
1909　榮成,102/09/30,"2,956,057","32,394,564",11.00,11.00,10.90,10.90,-0.20,658
1909　榮成,102/10/01,"2,549,638","28,010,718",10.90,11.10,10.90,11.00,+0.10,643
1909　榮成,102/10/02,"2,817,153","30,985,833",11.00,11.05,10.95,11.00, 0.00,903
1909　榮成,102/10/03,"5,449,840","60,919,245",11.00,11.30,11.00,11.25,+0.25,"1,269"
1909　榮成,102/10/04,"2,894,761","32,742,137",11.25,11.35,11.25,11.35,+0.10,843
1909　榮成,102/10/07,"13,587,275","159,703,013",11.35,12.00,11.35,11.80,+0.45,"2,716"
1909　榮成,102/10/08,"8,232,703","96,758,529",11.95,11.95,11.65,11.65,-0.15,"1,710"
1909　榮成,102/10/09,"6,304,255","74,147,912",11.70,11.85,11.65,11.70,+0.05,"1,212"
1909　榮成,102/10/11,"18,677,910","220,766,118",12.30,12.30,11.55,11.60,-0.10,"6,018"
1909　榮成,102/10/14,"10,031,421","112,929,506",11.60,11.60,11.15,11.15,-0.45,"2,512"
1909　榮成,102/10/15,"3,593,073","40,758,097",11.20,11.40,11.20,11.30,+0.15,"1,132"
1909　榮成,102/10/16,"4,131,604","46,321,652",11.40,11.40,11.20,11.35,+0.05,861
1909　榮成,102/10/17,"3,349,635","37,720,845",11.45,11.45,11.35,11.35, 0.00,916
1909　榮成,102/10/18,"3,416,483","39,072,994",11.40,11.50,11.35,11.50,+0.15,958
1909　榮成,102/10/21,"2,562,906","29,448,663",11.50,11.55,11.40,11.50, 0.00,552
1909　榮成,102/10/22,"2,765,128","31,402,742",11.50,11.55,11.25,11.25,-0.25,640
1909　榮成,102/10/23,"2,594,982","29,399,676",11.30,11.40,11.25,11.30,+0.05,716
1909　榮成,102/10/24,"2,678,715","30,622,242",11.40,11.50,11.30,11.45,+0.15,727
1909　榮成,102/10/25,"3,104,287","35,622,808",11.50,11.55,11.40,11.45, 0.00,675
1909　榮成,102/10/28,"3,260,609","37,407,087",11.50,11.55,11.40,11.45, 0.00,674
1909　榮成,102/10/29,"5,296,472","61,134,760",11.45,11.80,11.45,11.70,+0.25,"1,203"
1909　榮成,102/10/30,"2,599,663","30,199,019",11.70,11.70,11.55,11.60,-0.10,606
1909　榮成,102/10/31,"1,078,716","12,515,897",11.60,11.65,11.55,11.60, 0.00,340
1909　榮成,102/11/01,"1,759,427","20,313,081",11.70,11.70,11.50,11.50,-0.10,467
1909　榮成,102/11/04,"1,177,966","13,617,198",11.55,11.60,11.50,11.60,+0.10,459
1909　榮成,102/11/05,"2,077,003","23,830,478",11.60,11.60,11.40,11.40,-0.20,541
1909　榮成,102/11/06,"1,159,983","13,267,801",11.40,11.50,11.35,11.45,+0.05,381
1909　榮成,102/11/07,"1,037,246","11,939,459",11.45,11.60,11.45,11.55,+0.10,380
1909　榮成,102/11/08,"8,633,394","101,786,697",11.60,11.95,11.60,11.75,+0.20,"1,912"
1909　榮成,102/11/11,"5,026,880","59,805,713",11.80,12.00,11.80,11.90,+0.15,"1,072"
1909　榮成,102/11/12,"8,554,077","102,697,244",11.90,12.20,11.70,11.80,-0.10,"1,877"
1909　榮成,102/11/13,"2,227,717","26,295,830",11.80,11.90,11.75,11.75,-0.05,478
1909　榮成,102/11/14,"3,276,588","38,359,292",11.75,11.85,11.65,11.70,-0.05,596
1909　榮成,102/11/15,"2,861,795","33,630,342",11.80,11.85,11.70,11.70, 0.00,524
1909　榮成,102/11/18,"1,411,304","16,551,667",11.75,11.80,11.65,11.70, 0.00,296
1909　榮成,102/11/19,"5,656,249","67,629,988",11.80,12.10,11.80,12.00,+0.30,"1,414"
1909　榮成,102/11/20,"3,026,348","36,265,898",12.00,12.10,11.85,12.00, 0.00,621
1909　榮成,102/11/21,"14,436,308","178,969,830",12.00,12.70,11.90,12.60,+0.60,"3,110"
1909　榮成,102/11/22,"13,950,271","177,248,029",12.70,12.85,12.55,12.60, 0.00,"2,633"
1909　榮成,102/11/25,"21,057,136","273,824,475",12.90,13.20,12.75,13.00,+0.40,"3,950"
1909　榮成,102/11/26,"7,634,514","99,333,639",13.00,13.15,12.85,13.05,+0.05,"1,674"
1909　榮成,102/11/27,"4,354,534","56,638,296",13.20,13.20,12.90,13.00,-0.05,"1,012"
1909　榮成,102/11/28,"18,511,629","251,734,013",13.10,13.90,13.05,13.70,+0.70,"4,045"
1909　榮成,102/11/29,"10,327,169","143,599,255",13.90,14.10,13.75,13.90,+0.20,"2,381"
1909　榮成,102/12/02,"9,762,708","137,560,604",13.90,14.30,13.75,14.20,+0.30,"2,408"
1909　榮成,102/12/03,"5,127,557","73,060,025",14.30,14.40,14.10,14.20, 0.00,"1,391"
1909　榮成,102/12/04,"9,488,011","132,569,454",14.10,14.20,13.80,14.10,-0.10,"1,825"
1909　榮成,102/12/05,"10,415,561","151,113,533",14.35,14.75,14.25,14.25,+0.15,"2,272"
1909　榮成,102/12/06,"6,445,391","93,061,255",14.30,14.60,14.20,14.45,+0.20,"1,720"
1909　榮成,102/12/09,"13,200,607","197,457,887",14.75,15.20,14.70,14.85,+0.40,"3,083"
1909　榮成,102/12/10,"5,731,929","84,537,677",14.95,14.95,14.55,14.90,+0.05,"1,498"
1909　榮成,102/12/11,"4,267,036","63,229,510",14.95,14.95,14.70,14.80,-0.10,"1,141"
1909　榮成,102/12/12,"8,077,460","120,852,070",14.70,15.20,14.65,15.00,+0.20,"2,086"
1909　榮成,102/12/13,"6,646,018","100,888,205",15.10,15.30,15.05,15.05,+0.05,"1,660"
1909　榮成,102/12/16,"4,928,856","73,720,703",15.10,15.15,14.80,14.95,-0.10,"1,185"
1909　榮成,102/12/17,"5,838,492","86,588,539",14.85,15.00,14.65,14.70,-0.25,"1,253"
1909　榮成,102/12/18,"4,855,107","71,965,023",14.70,15.00,14.60,15.00,+0.30,"1,923"
1909　榮成,102/12/19,"2,686,759","40,288,392",15.10,15.20,14.85,15.00, 0.00,822
1909　榮成,102/12/20,"4,180,736","62,761,739",15.00,15.20,14.85,14.85,-0.15,"1,041"
1909　榮成,102/12/23,"11,837,033","171,310,898",14.85,14.95,14.15,14.25,-0.60,"2,495"
1909　榮成,102/12/24,"6,938,241","100,833,984",14.25,14.65,14.25,14.60,+0.35,"2,082"
1909　榮成,102/12/25,"3,360,801","49,387,293",14.70,14.85,14.50,14.85,+0.25,"1,104"
1909　榮成,102/12/26,"2,002,804","29,600,718",14.80,14.85,14.70,14.75,-0.10,811
1909　榮成,102/12/27,"2,012,228","29,749,838",14.85,14.85,14.70,14.75, 0.00,769
1909　榮成,102/12/30,"5,181,571","77,590,483",14.80,15.10,14.80,14.90,+0.15,"1,917"
1909　榮成,102/12/31,"3,349,758","49,725,758",15.00,15.05,14.75,14.90, 0.00,921
1909　榮成,103/01/02,"2,580,981","38,479,958",14.95,15.00,14.80,14.80,-0.10,941
1909　榮成,103/01/03,"3,399,945","49,965,288",14.80,14.80,14.60,14.65,-0.15,833
1909　榮成,103/01/06,"4,127,138","60,026,181",14.65,14.65,14.45,14.50,-0.15,"1,168"
1909　榮成,103/01/07,"3,384,029","49,655,068",14.55,14.80,14.50,14.75,+0.25,851
1909　榮成,103/01/08,"3,753,545","55,132,831",14.80,14.95,14.80,14.85,+0.10,954
1909　榮成,103/01/09,"31,866,679","500,489,369",14.90,15.85,14.90,15.85,+1.00,"5,381"
1909　榮成,103/01/10,"12,865,409","203,702,893",16.00,16.05,15.60,15.70,-0.15,"2,819"
1909　榮成,103/01/13,"17,551,620","286,640,073",15.70,16.75,15.60,16.75,+1.05,"4,148"
1909　榮成,103/01/14,"7,044,491","115,675,434",16.65,16.70,16.20,16.45,-0.30,"2,143"
1909　榮成,103/01/15,"17,338,252","281,281,134",16.50,16.95,15.90,16.10,-0.35,"3,717"
1909　榮成,103/01/16,"6,195,432","98,938,973",16.15,16.20,15.80,15.95,-0.15,"1,558"
1909　榮成,103/01/17,"4,494,735","71,702,285",15.85,16.10,15.85,15.90,-0.05,"1,109"
1909　榮成,103/01/20,"4,526,528","71,992,830",15.90,16.00,15.70,15.90, 0.00,"1,219"
1909　榮成,103/01/21,"3,583,333","58,125,748",15.90,16.00,15.80,15.90, 0.00,693
1909　榮成,103/01/22,"2,028,840","32,161,115",15.90,16.00,15.80,15.85,-0.05,626
1909　榮成,103/01/23,"4,436,801","71,198,342",16.00,16.20,15.90,15.90,+0.05,"1,396"
1909　榮成,103/01/24,"1,945,842","30,984,935",15.90,16.05,15.85,15.90, 0.00,756
1909　榮成,103/01/27,"2,534,745","39,898,739",15.85,15.85,15.60,15.70,-0.20,809
1909　榮成,103/02/05,"5,190,515","82,356,625",15.20,16.15,15.20,15.95,+0.25,"1,520"
1909　榮成,103/02/06,"2,877,729","45,853,147",15.90,16.05,15.80,15.90,-0.05,996
1909　榮成,103/02/07,"2,771,133","44,256,097",16.00,16.15,15.90,15.95,+0.05,"1,833"
1909　榮成,103/02/10,"2,577,989","41,189,355",16.10,16.10,15.90,15.95, 0.00,"1,734"
1909　榮成,103/02/11,"7,322,144","118,686,850",15.95,16.45,15.90,16.20,+0.25,"1,970"
1909　榮成,103/02/12,"4,895,592","79,363,922",16.20,16.35,16.10,16.10,-0.10,"1,579"
1909　榮成,103/02/13,"2,868,029","45,690,998",16.10,16.10,15.80,15.90,-0.20,"1,854"
1909　榮成,103/02/14,"5,165,224","81,383,218",15.90,16.05,15.60,15.60,-0.30,"1,346"
1909　榮成,103/02/17,"3,348,695","52,294,540",15.65,15.70,15.55,15.60, 0.00,828
1909　榮成,103/02/18,"3,877,212","60,717,999",15.60,15.75,15.50,15.70,+0.10,656
1909　榮成,103/02/19,"1,768,148","27,687,094",15.80,15.80,15.60,15.60,-0.10,513
1909　榮成,103/02/20,"4,054,669","62,737,163",15.70,15.70,15.35,15.60, 0.00,"1,072"
1909　榮成,103/02/21,"3,433,600","53,724,237",15.65,15.75,15.50,15.65,+0.05,"1,020"
1909　榮成,103/02/24,"1,925,227","30,118,310",15.75,15.75,15.55,15.65, 0.00,640
1909　榮成,103/02/25,"3,412,966","53,524,051",15.75,15.80,15.55,15.80,+0.15,969
1909　榮成,103/02/26,"2,603,135","41,155,805",15.80,15.90,15.70,15.75,-0.05,974
1909　榮成,103/02/27,"2,568,004","40,636,396",15.85,15.90,15.75,15.90,+0.15,657
1909　榮成,103/03/03,"6,476,248","104,019,886",15.90,16.40,15.85,15.95,+0.05,"1,393"
1909　榮成,103/03/04,"2,301,095","36,262,827",15.85,15.90,15.65,15.65,-0.30,616
1909　榮成,103/03/05,"1,950,700","30,569,722",15.75,15.85,15.60,15.60,-0.05,648
1909　榮成,103/03/06,"2,222,024","34,482,499",15.60,15.75,15.40,15.50,-0.10,701
1909　榮成,103/03/07,"2,883,068","44,589,234",15.50,15.60,15.35,15.35,-0.15,659
1909　榮成,103/03/10,"4,393,521","66,222,068",15.35,15.50,14.85,14.90,-0.45,"1,392"
1909　榮成,103/03/11,"8,917,191","130,028,861",14.80,15.05,14.30,14.55,-0.35,"2,510"
1909　榮成,103/03/12,"4,786,990","68,546,148",14.45,14.50,14.20,14.20,-0.35,"1,483"
1909　榮成,103/03/13,"2,641,145","37,669,054",14.20,14.35,14.15,14.20, 0.00,786
1909　榮成,103/03/14,"1,760,433","24,864,216",14.15,14.20,14.00,14.15,-0.05,589
1909　榮成,103/03/17,"3,302,339","47,841,407",14.20,14.65,14.15,14.50,+0.35,938
1909　榮成,103/03/18,"1,654,161","24,043,715",14.70,14.70,14.45,14.45,-0.05,508
1909　榮成,103/03/19,"1,535,684","22,229,408",14.50,14.55,14.40,14.40,-0.05,438
1909　榮成,103/03/20,"1,526,756","21,723,280",14.30,14.40,14.10,14.20,-0.20,492
1909　榮成,103/03/21,"3,481,359","49,084,726",14.20,14.35,13.95,14.00,-0.20,684
1909　榮成,103/03/24,"2,852,197","39,562,926",14.00,14.05,13.70,14.00, 0.00,632
1909　榮成,103/03/25,"1,892,190","26,996,798",14.00,14.40,14.00,14.40,+0.40,651
1909　榮成,103/03/26,"1,598,242","23,010,970",14.50,14.55,14.25,14.40, 0.00,527
1909　榮成,103/03/27,"1,681,256","24,347,719",14.40,14.55,14.40,14.40, 0.00,570
1909　榮成,103/03/28,"1,285,454","18,425,663",14.40,14.45,14.25,14.25,-0.15,407
1909　榮成,103/03/31,"975,420","14,028,939",14.25,14.45,14.25,14.35,+0.10,333
1909　榮成,103/04/01,"3,458,013","50,246,977",14.35,14.70,14.30,14.65,+0.30,689
1909　榮成,103/04/02,"2,931,521","43,035,972",14.80,14.80,14.55,14.75,+0.10,671
1909　榮成,103/04/03,"3,903,248","57,969,544",14.85,15.00,14.70,15.00,+0.25,928
1909　榮成,103/04/07,"2,149,275","32,120,665",15.00,15.05,14.85,14.90,-0.10,649
1909　榮成,103/04/08,"1,569,388","23,385,581",14.90,15.00,14.80,14.80,-0.10,445
1909　榮成,103/04/09,"1,003,979","14,946,466",14.85,14.95,14.80,14.95,+0.15,"1,414"
1909　榮成,103/04/10,"9,570,426","137,400,315",14.70,14.75,14.05,14.20,-0.75,"2,585"
1909　榮成,103/04/11,"2,540,058","35,800,318",14.05,14.20,14.00,14.15,-0.05,639
1909　榮成,103/04/14,"1,705,272","23,844,815",14.15,14.15,13.80,14.05,-0.10,546
1909　榮成,103/04/15,"1,568,923","21,981,109",14.05,14.15,13.95,14.05, 0.00,411
1909　榮成,103/04/16,"1,193,946","16,762,294",14.00,14.10,13.95,14.10,+0.05,441
1909　榮成,103/04/17,"510,275","7,204,008",14.10,14.20,14.05,14.15,+0.05,234
1909　榮成,103/04/18,"646,766","9,126,407",14.15,14.20,14.05,14.05,-0.10,198
1909　榮成,103/04/21,"1,245,909","17,363,337",14.05,14.05,13.85,13.90,-0.15,502
1909　榮成,103/04/22,"2,410,822","33,077,673",13.90,13.90,13.60,13.65,-0.25,767
1909　榮成,103/04/23,"4,147,769","55,950,577",13.65,13.75,13.20,13.55,-0.10,"1,008"
1909　榮成,103/04/24,"1,522,622","20,412,563",13.50,13.50,13.30,13.35,-0.20,557
1909　榮成,103/04/25,"3,204,048","42,120,474",13.40,13.45,12.90,13.15,-0.20,894
1909　榮成,103/04/28,"2,136,807","27,741,077",12.85,13.15,12.85,13.10,-0.05,590
1909　榮成,103/04/29,"720,100","9,492,002",13.20,13.30,13.10,13.20,+0.10,247
1909　榮成,103/04/30,"890,700","11,779,039",13.20,13.30,13.15,13.20, 0.00,237
1909　榮成,103/05/02,"516,942","6,824,036",13.15,13.30,13.10,13.20, 0.00,243
1909　榮成,103/05/05,"698,749","9,160,822",13.10,13.20,13.05,13.15,-0.05,247
1909　榮成,103/05/06,"813,038","10,751,795",13.10,13.30,13.10,13.30,+0.15,239
1909　榮成,103/05/07,"2,908,533","40,031,405",13.40,13.90,13.40,13.85,+0.55,"1,120"
1909　榮成,103/05/08,"1,397,032","19,398,883",13.90,14.00,13.75,13.85, 0.00,462
1909　榮成,103/05/09,"947,486","12,977,480",13.95,13.95,13.60,13.60,-0.25,296
1909　榮成,103/05/12,"921,420","12,539,697",13.60,13.80,13.45,13.75,+0.15,263
1909　榮成,103/05/13,"726,316","9,896,798",13.75,13.85,13.50,13.50,-0.25,277
1909　榮成,103/05/14,"547,951","7,403,786",13.50,13.65,13.40,13.50, 0.00,222
1909　榮成,103/05/15,"846,561","11,543,053",13.45,13.70,13.45,13.70,+0.20,431
1909　榮成,103/05/16,"1,210,064","16,425,667",13.70,13.75,13.50,13.70, 0.00,315
1909　榮成,103/05/19,"2,172,099","30,259,947",13.70,14.15,13.70,13.80,+0.10,692
1909　榮成,103/05/20,"2,875,752","40,337,478",13.90,14.20,13.90,14.10,+0.30,722
1909　榮成,103/05/21,"6,915,621","99,722,634",14.20,14.60,14.15,14.50,+0.40,"1,568"
1909　榮成,103/05/22,"5,015,351","73,645,915",14.55,14.85,14.50,14.50, 0.00,"1,272"
1909　榮成,103/05/23,"2,268,421","33,138,300",14.55,14.75,14.50,14.55,+0.05,507
1909　榮成,103/05/26,"2,531,654","37,197,491",14.60,14.80,14.50,14.65,+0.10,644
1909　榮成,103/05/27,"3,471,586","50,248,035",14.55,14.65,14.30,14.45,-0.20,715
1909　榮成,103/05/28,"1,124,714","16,241,677",14.30,14.55,14.30,14.50,+0.05,341
1909　榮成,103/05/29,"1,158,387","16,857,689",14.60,14.60,14.45,14.50, 0.00,375
1909　榮成,103/05/30,"10,168,370","147,406,822",14.50,14.55,14.40,14.45,-0.05,270
1909　榮成,103/06/03,"1,471,060","21,318,503",14.50,14.60,14.35,14.45, 0.00,365
1909　榮成,103/06/04,"2,900,788","41,797,936",14.40,14.60,14.20,14.25,-0.20,455
1909　榮成,103/06/05,"4,387,066","64,251,700",14.45,14.75,14.45,14.75,+0.50,"1,012"
1909　榮成,103/06/06,"1,871,836","27,570,737",14.80,14.80,14.65,14.75, 0.00,431
1909　榮成,103/06/09,"5,173,148","77,758,470",14.75,15.20,14.70,15.05,+0.30,983
1909　榮成,103/06/10,"3,558,864","53,645,358",15.10,15.15,15.00,15.05, 0.00,630
1909　榮成,103/06/11,"5,466,566","82,862,333",15.05,15.30,15.00,15.20,+0.15,"1,126"
1909　榮成,103/06/12,"6,136,777","94,705,693",15.30,15.60,15.20,15.55,+0.35,"2,234"
1909　榮成,103/06/13,"4,310,329","67,117,612",15.45,15.70,15.45,15.70,+0.15,"1,014"
1909　榮成,103/06/16,"1,980,373","30,908,103",15.70,15.70,15.50,15.55,-0.15,551
1909　榮成,103/06/17,"3,692,894","57,049,320",15.60,15.60,15.35,15.40,-0.15,920
1909　榮成,103/06/18,"2,765,809","42,884,134",15.45,15.65,15.35,15.55,+0.15,960
1909　榮成,103/06/19,"1,190,597","18,443,885",15.55,15.60,15.40,15.45,-0.10,382
1909　榮成,103/06/20,"1,769,630","27,311,265",15.45,15.50,15.35,15.45, 0.00,314
1909　榮成,103/06/23,"2,613,309","39,911,185",15.45,15.50,15.05,15.10,-0.35,647
1909　榮成,103/06/24,"1,170,009","17,722,026",15.10,15.25,15.10,15.10, 0.00,428
1909　榮成,103/06/25,"1,196,254","17,984,186",15.15,15.15,14.95,15.00,-0.10,557
1909　榮成,103/06/26,"782,727","11,813,834",15.00,15.15,15.00,15.15,+0.15,257
1909　榮成,103/06/27,"1,215,300","18,295,850",15.15,15.20,15.00,15.10,-0.05,280
1909　榮成,103/06/30,"3,803,418","58,589,297",15.10,15.55,15.05,15.55,+0.45,"1,086"
1909　榮成,103/07/01,"1,664,970","25,781,725",15.55,15.55,15.40,15.55, 0.00,467
1909　榮成,103/07/02,"2,880,054","44,527,012",15.60,15.60,15.25,15.30,-0.25,550
1909　榮成,103/07/03,"1,812,502","27,806,449",15.30,15.40,15.25,15.35,+0.05,500
1909　榮成,103/07/04,"1,386,253","21,123,223",15.35,15.35,15.15,15.20,-0.15,283
1909　榮成,103/07/07,"2,482,955","37,852,262",15.20,15.35,15.10,15.25,+0.05,506
1909　榮成,103/07/08,"20,005,290","320,728,499",15.50,16.30,15.50,16.30,+1.05,"3,123"
1909　榮成,103/07/09,"11,252,883","177,604,857",15.85,16.00,15.55,15.80,X0.00,"2,390"
1909　榮成,103/07/10,"5,558,394","87,660,518",15.85,15.85,15.70,15.80, 0.00,"1,969"
1909　榮成,103/07/11,"4,807,057","75,397,423",15.75,15.85,15.55,15.60,-0.20,"1,081"
1909　榮成,103/07/14,"2,374,700","37,026,363",15.60,15.75,15.45,15.65,+0.05,612
1909　榮成,103/07/15,"1,732,146","27,089,610",15.65,15.75,15.55,15.60,-0.05,400
1909　榮成,103/07/16,"1,493,039","23,202,346",15.60,15.65,15.50,15.50,-0.10,479
1909　榮成,103/07/17,"1,809,772","28,072,875",15.60,15.60,15.40,15.45,-0.05,521
1909　榮成,103/07/18,"1,253,439","19,265,177",15.35,15.50,15.30,15.40,-0.05,408
1909　榮成,103/07/21,"1,326,517","20,404,192",15.40,15.45,15.35,15.40, 0.00,631
1909　榮成,103/07/22,"4,225,450","64,662,897",15.40,15.50,15.10,15.25,-0.15,"1,212"
1909　榮成,103/07/24,"5,425,911","84,261,901",15.35,15.70,15.30,15.55,+0.30,"1,336"
1909　榮成,103/07/25,"5,125,485","80,756,278",15.65,15.90,15.60,15.65,+0.10,"1,459"
1909　榮成,103/07/28,"4,318,430","67,983,886",15.55,15.90,15.55,15.80,+0.15,"1,573"
1909　榮成,103/07/29,"14,088,355","226,554,742",15.90,16.40,15.75,16.00,+0.20,"2,764"
1909　榮成,103/07/30,"7,777,248","124,090,107",16.20,16.25,15.80,16.00, 0.00,"1,737"
1909　榮成,103/07/31,"5,442,184","86,114,635",16.00,16.00,15.70,15.80,-0.20,"1,676"
1909　榮成,103/08/01,"5,544,700","87,559,715",15.70,15.90,15.65,15.85,+0.05,"1,118"
1909　榮成,103/08/04,"2,199,331","34,810,288",15.70,15.90,15.70,15.85, 0.00,510
1909　榮成,103/08/05,"4,496,290","70,405,249",15.90,15.90,15.50,15.55,-0.30,843
1909　榮成,103/08/06,"6,386,424","97,233,126",15.55,15.70,14.75,15.10,-0.45,"1,303"
1909　榮成,103/08/07,"4,529,809","68,070,318",15.20,15.20,14.80,15.05,-0.05,870
1909　榮成,103/08/08,"8,150,423","122,684,481",15.20,15.45,14.80,14.80,-0.25,"3,940"
1909　榮成,103/08/11,"3,642,741","54,631,618",15.05,15.15,14.85,15.10,+0.30,"1,628"
1909　榮成,103/08/12,"3,397,293","51,471,245",15.10,15.30,15.00,15.05,-0.05,880
1909　榮成,103/08/13,"11,272,925","176,406,070",15.15,16.00,15.15,15.90,+0.85,"2,787"
1909　榮成,103/08/14,"7,681,913","122,747,661",16.15,16.20,15.75,15.75,-0.15,"2,307"
1909　榮成,103/08/15,"3,393,078","53,264,856",15.75,15.80,15.60,15.75, 0.00,857
1909　榮成,103/08/18,"4,804,164","74,333,608",15.75,15.85,15.35,15.40,-0.35,"1,073"
1909　榮成,103/08/19,"2,911,283","44,965,922",15.60,15.60,15.35,15.40, 0.00,701
1909　榮成,103/08/20,"5,417,334","84,169,548",15.40,15.70,15.25,15.65,+0.25,"1,005"
1909　榮成,103/08/21,"2,000,379","31,120,517",15.60,15.70,15.45,15.70,+0.05,646
1909　榮成,103/08/22,"2,846,253","44,738,356",15.80,15.80,15.60,15.80,+0.10,835
1909　榮成,103/08/25,"1,572,476","24,711,616",15.85,15.85,15.60,15.65,-0.15,470
1909　榮成,103/08/26,"10,345,595","165,810,595",15.65,16.20,15.65,16.20,+0.55,"2,181"
1909　榮成,103/08/27,"9,155,350","148,150,717",16.40,16.50,16.05,16.20, 0.00,"1,811"
1909　榮成,103/08/28,"4,670,067","74,747,895",16.10,16.15,15.95,15.95,-0.25,924
1909　榮成,103/08/29,"4,173,676","66,968,887",15.90,16.25,15.90,16.00,+0.05,"1,182"
1909　榮成,103/09/01,"2,220,463","35,548,820",16.00,16.15,15.95,16.00, 0.00,619
1909　榮成,103/09/02,"1,956,405","31,295,882",16.00,16.10,15.90,16.00, 0.00,824
1909　榮成,103/09/03,"2,582,415","41,260,288",15.95,16.05,15.85,16.00, 0.00,791
1909　榮成,103/09/04,"2,317,798","37,073,318",16.00,16.05,15.95,15.95,-0.05,408
1909　榮成,103/09/05,"10,664,125","172,374,027",16.25,16.40,15.95,16.05,+0.10,"1,931"
1909　榮成,103/09/09,"3,295,301","52,548,455",16.05,16.10,15.85,15.85,-0.20,604
1909　榮成,103/09/10,"1,829,026","28,943,157",15.85,15.90,15.75,15.85, 0.00,420
1909　榮成,103/09/11,"1,666,818","26,590,255",15.85,16.00,15.85,15.90,+0.05,607
1909　榮成,103/09/12,"1,922,976","30,230,312",15.80,15.85,15.65,15.75,-0.15,578
1909　榮成,103/09/15,"1,292,918","20,281,708",15.65,15.80,15.55,15.70,-0.05,385
1909　榮成,103/09/16,"1,369,065","21,541,613",15.70,15.85,15.65,15.80,+0.10,493
1909　榮成,103/09/17,"2,630,431","41,931,917",15.85,16.05,15.85,15.95,+0.15,928
1909　榮成,103/09/18,"1,472,518","23,472,825",16.00,16.00,15.85,15.95, 0.00,431
1909　榮成,103/09/19,"1,724,484","27,472,586",15.95,16.00,15.85,16.00,+0.05,366
1909　榮成,103/09/22,"1,635,804","26,106,164",16.00,16.05,15.90,16.00, 0.00,391
1909　榮成,103/09/23,"1,793,017","28,641,167",16.00,16.05,15.90,15.90,-0.10,440
1909　榮成,103/09/24,"1,441,998","23,022,854",15.90,16.00,15.90,16.00,+0.10,595
1909　榮成,103/09/25,"2,494,833","39,559,998",16.00,16.00,15.75,15.80,-0.20,609
1909　榮成,103/09/26,"1,135,242","17,921,290",15.70,15.85,15.70,15.75,-0.05,571
1909　榮成,103/09/29,"581,518","9,161,423",15.85,15.85,15.70,15.75, 0.00,299
1909　榮成,103/09/30,"1,604,305","25,128,846",15.70,15.85,15.50,15.85,+0.10,760
1909　榮成,103/10/01,"381,117","6,015,033",15.80,15.85,15.70,15.75,-0.10,177
1909　榮成,103/10/02,"1,199,328","18,975,175",15.75,15.90,15.75,15.85,+0.10,356
1909　榮成,103/10/03,"1,658,354","26,431,001",15.85,16.00,15.85,15.95,+0.10,435
1909　榮成,103/10/06,"1,574,283","25,109,590",16.00,16.00,15.85,16.00,+0.05,722
1909　榮成,103/10/07,"1,560,315","24,904,140",16.00,16.00,15.90,16.00, 0.00,606
1909　榮成,103/10/08,"6,696,706","104,632,086",15.85,15.85,15.35,15.55,-0.45,"1,693"
1909　榮成,103/10/09,"2,221,578","34,335,456",15.65,15.65,15.30,15.60,+0.05,787
1909　榮成,103/10/13,"2,974,260","45,288,118",15.15,15.45,15.10,15.10,-0.50,785
1909　榮成,103/10/14,"1,269,220","19,330,489",15.15,15.35,15.10,15.20,+0.10,428
1909　榮成,103/10/15,"2,776,529","41,616,038",15.20,15.20,14.85,14.85,-0.35,702
1909　榮成,103/10/16,"2,762,598","40,170,868",14.75,14.85,14.25,14.70,-0.15,829
1909　榮成,103/10/17,"2,600,340","37,500,474",14.80,14.85,14.25,14.25,-0.45,718
1909　榮成,103/10/20,"2,084,549","30,076,193",14.50,14.65,14.30,14.30,+0.05,739
1909　榮成,103/10/21,"909,079","13,122,338",14.30,14.55,14.30,14.50,+0.20,310
1909　榮成,103/10/22,"1,819,266","26,836,240",14.65,14.85,14.50,14.85,+0.35,492
1909　榮成,103/10/23,"849,020","12,500,387",14.85,14.85,14.65,14.70,-0.15,242
1909　榮成,103/10/24,"1,511,055","21,976,832",14.75,14.75,14.45,14.55,-0.15,447
1909　榮成,103/10/27,"1,222,789","17,518,087",14.55,14.60,14.25,14.30,-0.25,434
1909　榮成,103/10/28,"916,096","13,287,594",14.40,14.65,14.40,14.60,+0.30,453
1909　榮成,103/10/29,"2,550,581","38,072,625",14.60,15.10,14.60,14.95,+0.35,733
1909　榮成,103/10/30,"1,821,500","27,207,141",14.95,15.05,14.80,14.95, 0.00,602
1909　榮成,103/10/31,"2,974,059","45,356,342",15.00,15.45,15.00,15.20,+0.25,872
1909　榮成,103/11/03,"2,145,792","32,812,479",15.40,15.40,15.15,15.30,+0.10,869
1909　榮成,103/11/04,"812,471","12,359,953",15.25,15.30,15.15,15.20,-0.10,456
1909　榮成,103/11/05,"740,178","11,190,675",15.25,15.25,15.05,15.05,-0.15,370
1909　榮成,103/11/06,"924,067","13,943,755",15.10,15.25,15.00,15.00,-0.05,338
1909　榮成,103/11/07,"1,656,186","25,143,005",15.00,15.30,15.00,15.10,+0.10,456
1909　榮成,103/11/10,"2,160,370","32,970,050",15.30,15.35,15.15,15.25,+0.15,523
1909　榮成,103/11/11,"1,732,523","26,272,768",15.30,15.30,15.05,15.05,-0.20,478
1909　榮成,103/11/12,"2,223,327","33,002,049",15.05,15.10,14.70,14.80,-0.25,685
1909　榮成,103/11/13,"1,132,090","16,863,133",14.95,14.95,14.80,14.85,+0.05,401
1909　榮成,103/11/14,"1,338,132","19,926,717",14.95,15.00,14.80,14.90,+0.05,518
1909　榮成,103/11/17,"1,251,546","18,638,424",14.90,15.05,14.75,14.80,-0.10,426
1909　榮成,103/11/18,"2,323,146","33,998,789",14.80,14.90,14.50,14.55,-0.25,709
1909　榮成,103/11/19,"1,686,636","24,738,947",14.60,14.80,14.55,14.60,+0.05,537
1909　榮成,103/11/20,"1,303,922","19,286,791",14.70,14.90,14.60,14.80,+0.20,551
1909　榮成,103/11/21,"1,193,589","17,791,111",14.85,15.00,14.80,14.90,+0.10,447
1909　榮成,103/11/24,"1,087,278","16,287,235",15.00,15.05,14.90,14.95,+0.05,376
1909　榮成,103/11/25,"1,306,335","19,532,986",15.00,15.00,14.90,15.00,+0.05,346
1909　榮成,103/11/26,"1,066,162","15,918,939",14.95,15.00,14.85,14.85,-0.15,411
1909　榮成,103/11/27,"1,427,810","21,154,540",14.90,14.90,14.75,14.80,-0.05,469
1909　榮成,103/11/28,"607,216","8,997,130",14.80,14.90,14.75,14.80, 0.00,210
1909　榮成,103/12/01,"1,102,887","16,296,314",14.50,15.00,14.50,14.95,+0.15,455
1909　榮成,103/12/02,"568,775","8,432,403",14.95,14.95,14.75,14.85,-0.10,253
1909　榮成,103/12/03,"2,747,696","40,842,560",14.80,15.00,14.75,14.90,+0.05,777
1909　榮成,103/12/04,"2,219,035","32,918,912",14.95,14.95,14.75,14.80,-0.10,625
1909　榮成,103/12/05,"1,812,799","26,840,870",14.85,14.90,14.75,14.80, 0.00,676
1909　榮成,103/12/08,"3,147,218","47,180,478",14.85,15.10,14.75,14.90,+0.10,717
1909　榮成,103/12/09,"1,565,212","23,334,237",14.90,15.00,14.80,14.95,+0.05,626
1909　榮成,103/12/10,"5,884,869","85,701,282",14.80,14.80,14.45,14.45,-0.50,"1,410"
1909　榮成,103/12/11,"4,115,708","58,699,264",14.25,14.45,14.15,14.20,-0.25,"1,053"
1909　榮成,103/12/12,"1,077,554","15,448,223",14.30,14.40,14.25,14.30,+0.10,351
1909　榮成,103/12/15,"1,103,786","15,704,947",14.30,14.30,14.10,14.20,-0.10,367
1909　榮成,103/12/16,"1,651,301","23,506,137",14.20,14.30,14.15,14.15,-0.05,915
1909　榮成,103/12/17,"993,316","14,138,415",14.30,14.30,14.15,14.20,+0.05,526
1909　榮成,103/12/18,"688,971","9,838,685",14.25,14.35,14.20,14.20, 0.00,400
1909　榮成,103/12/19,"2,446,581","34,783,644",14.30,14.40,14.05,14.20, 0.00,732
1909　榮成,103/12/22,"1,212,138","17,255,501",14.20,14.30,14.20,14.20, 0.00,458
1909　榮成,103/12/23,"1,853,309","26,582,363",14.20,14.45,14.20,14.40,+0.20,667
1909　榮成,103/12/24,"1,559,711","22,562,606",14.40,14.55,14.30,14.40, 0.00,492
1909　榮成,103/12/25,"885,896","12,828,840",14.55,14.60,14.40,14.40, 0.00,358
1909　榮成,103/12/26,"782,990","11,317,497",14.45,14.55,14.40,14.55,+0.15,241
1909　榮成,103/12/27,"1,035,873","15,012,746",14.55,14.60,14.40,14.50,-0.05,277
1909　榮成,103/12/29,"1,186,771","17,197,128",14.55,14.60,14.40,14.50, 0.00,377
1909　榮成,103/12/30,"815,730","11,746,706",14.50,14.55,14.30,14.40,-0.10,320
1909　榮成,103/12/31,"1,208,171","17,365,375",14.30,14.45,14.30,14.45,+0.05,432
1909　榮成,104/01/05,"1,321,379","19,000,456",14.45,14.50,14.30,14.35,-0.10,447
1909　榮成,104/01/06,"2,980,641","42,474,531",14.30,14.40,14.10,14.15,-0.20,"1,012"
1909　榮成,104/01/07,"819,610","11,668,308",14.15,14.30,14.10,14.25,+0.10,360
1909　榮成,104/01/08,"4,278,987","60,265,959",14.25,14.25,13.95,14.10,-0.15,"1,082"
1909　榮成,104/01/09,"2,368,139","33,377,798",14.20,14.25,14.00,14.05,-0.05,575
1909　榮成,104/01/12,"1,534,703","21,586,042",14.05,14.15,14.00,14.00,-0.05,474
1909　榮成,104/01/13,"954,278","13,411,642",14.00,14.10,14.00,14.05,+0.05,324
1909　榮成,104/01/14,"1,558,057","21,898,146",14.05,14.15,13.95,14.05, 0.00,526
1909　榮成,104/01/15,"753,101","10,559,764",14.00,14.10,13.95,14.00,-0.05,265
1909　榮成,104/01/16,"1,893,200","26,385,582",14.00,14.05,13.85,13.85,-0.15,838
1909　榮成,104/01/19,"986,972","13,666,853",13.95,14.00,13.75,13.75,-0.10,409
1909　榮成,104/01/20,"1,472,515","20,386,399",13.75,13.95,13.75,13.90,+0.15,613
1909　榮成,104/01/21,"1,040,912","14,381,828",13.90,13.95,13.75,13.80,-0.10,461
1909　榮成,104/01/22,"842,223","11,681,590",13.80,13.95,13.80,13.90,+0.10,440
1909　榮成,104/01/23,"1,090,750","15,258,050",13.95,14.05,13.90,14.00,+0.10,406
1909　榮成,104/01/26,"478,804","6,672,066",14.00,14.05,13.85,13.85,-0.15,244
1909　榮成,104/01/27,"1,907,213","26,331,281",13.85,13.90,13.75,13.80,-0.05,669
1909　榮成,104/01/28,"1,250,537","17,237,803",13.75,13.90,13.75,13.80, 0.00,297
1909　榮成,104/01/29,"948,641","13,096,238",13.80,13.85,13.75,13.80, 0.00,482
1909　榮成,104/01/30,"703,186","9,725,300",13.80,13.90,13.80,13.80, 0.00,292
1909　榮成,104/02/02,"445,297","6,150,510",13.85,13.85,13.75,13.85,+0.05,214
1909　榮成,104/02/03,"526,363","7,246,237",13.85,13.85,13.75,13.75,-0.10,209
1909　榮成,104/02/04,"2,108,087","28,819,736",13.80,13.80,13.55,13.65,-0.10,869
1909　榮成,104/02/05,"1,548,773","20,997,995",13.65,13.75,13.45,13.60,-0.05,551
1909　榮成,104/02/06,"1,430,581","19,404,890",13.60,13.70,13.50,13.60, 0.00,668
1909　榮成,104/02/09,"4,477,192","58,933,300",13.40,13.40,12.90,13.05,-0.55,"1,205"
1909　榮成,104/02/10,"2,090,652","27,208,077",13.00,13.10,12.95,13.00,-0.05,764
1909　榮成,104/02/11,"3,522,456","44,823,513",13.00,13.10,12.55,12.55,-0.45,"1,200"
1909　榮成,104/02/12,"4,391,690","55,849,619",12.55,12.90,12.55,12.65,+0.10,"1,342"
1909　榮成,104/02/13,"2,119,379","26,983,388",12.75,12.85,12.70,12.70,+0.05,526
1909　榮成,104/02/24,"3,381,713","42,413,336",12.75,12.80,12.45,12.55,-0.15,902
1909　榮成,104/02/25,"3,032,826","37,989,220",12.55,12.65,12.45,12.50,-0.05,642
1909　榮成,104/02/26,"3,118,839","38,731,081",12.55,12.55,12.25,12.50, 0.00,"1,291"
1909　榮成,104/03/02,"1,256,202","15,668,700",12.50,12.60,12.40,12.45,-0.05,414
1909　榮成,104/03/03,"1,570,942","19,584,121",12.50,12.55,12.40,12.45, 0.00,429
1909　榮成,104/03/04,"2,375,573","29,552,470",12.50,12.50,12.35,12.40,-0.05,728
1909　榮成,104/03/05,"2,777,155","34,271,304",12.40,12.50,12.25,12.35,-0.05,716
1909　榮成,104/03/06,"1,592,299","19,759,430",12.45,12.50,12.35,12.50,+0.15,581
1909　榮成,104/03/09,"926,686","11,588,611",12.50,12.55,12.45,12.55,+0.05,341
1909　榮成,104/03/10,"3,665,388","45,339,560",12.50,12.55,12.25,12.35,-0.20,825
1909　榮成,104/03/11,"1,784,624","21,943,431",12.25,12.40,12.20,12.25,-0.10,548
1909　榮成,104/03/12,"2,477,011","30,280,924",12.25,12.30,12.15,12.25, 0.00,574
1909　榮成,104/03/13,"910,748","11,141,318",12.25,12.25,12.20,12.20,-0.05,276
1909　榮成,104/03/16,"2,399,178","29,318,282",12.15,12.35,12.00,12.30,+0.10,852
1909　榮成,104/03/17,"932,961","11,441,066",12.40,12.40,12.20,12.20,-0.10,422
1909　榮成,104/03/18,"1,807,668","21,971,408",12.25,12.30,12.10,12.15,-0.05,690
1909　榮成,104/03/19,"2,662,144","32,316,089",12.15,12.30,12.00,12.15, 0.00,663
1909　榮成,104/03/20,"4,481,834","55,515,355",12.20,12.55,12.20,12.50,+0.35,"1,383"
1909　榮成,104/03/23,"6,362,505","81,878,502",12.60,13.00,12.60,12.85,+0.35,"1,669"
1909　榮成,104/03/24,"2,632,422","33,908,830",13.00,13.00,12.80,12.95,+0.10,791
1909　榮成,104/03/25,"4,051,562","52,695,857",12.95,13.10,12.90,12.95, 0.00,958
1909　榮成,104/03/26,"2,357,043","30,548,659",12.80,13.10,12.80,13.00,+0.05,573
1909　榮成,104/03/27,"2,777,409","36,226,050",13.00,13.20,12.90,13.15,+0.15,688
1909　榮成,104/03/30,"1,113,425","14,574,888",13.15,13.20,13.00,13.05,-0.10,503
1909　榮成,104/03/31,"1,685,161","22,022,302",13.10,13.15,13.00,13.15,+0.10,439
1909　榮成,104/04/01,"12,390,738","172,248,528",13.10,13.20,13.05,13.10,-0.05,456
1909　榮成,104/04/02,"4,018,512","53,834,909",13.20,13.50,13.15,13.45,+0.35,"1,225"
1909　榮成,104/04/07,"2,799,432","37,846,867",13.45,13.65,13.40,13.45, 0.00,790
1909　榮成,104/04/08,"1,370,522","18,355,431",13.55,13.55,13.30,13.35,-0.10,493
1909　榮成,104/04/09,"1,258,313","16,744,439",13.40,13.45,13.20,13.25,-0.10,528
1909　榮成,104/04/10,"1,910,658","25,598,195",13.35,13.55,13.25,13.30,+0.05,529
1909　榮成,104/04/13,"899,480","12,036,824",13.35,13.45,13.35,13.40,+0.10,324
1909　榮成,104/04/14,"1,675,202","22,456,201",13.40,13.50,13.30,13.40, 0.00,373
1909　榮成,104/04/15,"1,230,787","16,459,339",13.40,13.45,13.30,13.30,-0.10,521
1909　榮成,104/04/16,"1,250,183","16,600,430",13.30,13.35,13.20,13.25,-0.05,509
1909　榮成,104/04/17,"984,842","13,088,649",13.25,13.35,13.25,13.30,+0.05,430
1909　榮成,104/04/20,"824,581","10,912,992",13.25,13.30,13.15,13.25,-0.05,319
1909　榮成,104/04/21,"984,261","13,108,815",13.35,13.40,13.25,13.40,+0.15,340
1909　榮成,104/04/22,"1,583,240","21,200,009",13.40,13.50,13.25,13.45,+0.05,663
1909　榮成,104/04/23,"2,248,112","30,389,399",13.50,13.60,13.40,13.40,-0.05,855
1909　榮成,104/04/24,"1,200,784","16,222,489",13.40,13.60,13.40,13.50,+0.10,599
1909　榮成,104/04/27,"1,685,537","22,899,744",13.50,13.65,13.50,13.60,+0.10,658
1909　榮成,104/04/28,"677,628","9,194,588",13.60,13.70,13.50,13.50,-0.10,376
1909　榮成,104/04/29,"1,222,641","16,523,300",13.55,13.60,13.40,13.50, 0.00,604
1909　榮成,104/04/30,"1,178,393","15,945,329",13.55,13.60,13.45,13.55,+0.05,557
1909　榮成,104/05/04,"1,050,354","14,276,082",13.60,13.70,13.50,13.65,+0.10,368
1909　榮成,104/05/05,"841,482","11,467,872",13.65,13.70,13.55,13.60,-0.05,454
1909　榮成,104/05/06,"669,052","9,056,397",13.60,13.60,13.45,13.60, 0.00,307
1909　榮成,104/05/07,"652,128","8,800,624",13.55,13.55,13.45,13.45,-0.15,367
1909　榮成,104/05/08,"779,809","10,485,936",13.50,13.50,13.40,13.45, 0.00,322
1909　榮成,104/05/11,"3,590,413","46,508,568",13.35,13.40,12.80,12.85,-0.60,"1,015"
1909　榮成,104/05/12,"1,203,599","15,420,369",12.95,12.95,12.65,12.80,-0.05,486
1909　榮成,104/05/13,"2,047,073","26,808,298",12.95,13.25,12.90,13.10,+0.30,637
1909　榮成,104/05/14,"2,848,616","36,397,790",13.10,13.10,12.65,12.65,-0.45,796
1909　榮成,104/05/15,"1,006,904","12,954,498",12.75,13.00,12.75,12.95,+0.30,402
1909　榮成,104/05/18,"755,668","9,779,080",12.90,13.00,12.85,12.95, 0.00,316
1909　榮成,104/05/19,"671,801","8,702,449",13.00,13.00,12.90,13.00,+0.05,273
1909　榮成,104/05/20,"620,270","7,991,300",13.00,13.00,12.80,12.90,-0.10,314
1909　榮成,104/05/21,"883,798","11,285,729",12.80,12.90,12.70,12.75,-0.15,404
1909　榮成,104/05/22,"762,868","9,715,771",12.75,12.85,12.70,12.70,-0.05,333
1909　榮成,104/05/25,"622,126","7,888,396",12.70,12.75,12.60,12.70, 0.00,293
1909　榮成,104/05/26,"587,496","7,513,472",12.75,12.85,12.70,12.80,+0.10,236
1909　榮成,104/05/27,"641,743","8,165,638",12.75,12.80,12.70,12.70,-0.10,280
1909　榮成,104/05/28,"954,769","12,216,603",12.85,12.90,12.70,12.80,+0.10,295
1909　榮成,104/05/29,"1,672,034","21,187,023",12.70,12.80,12.55,12.70,-0.10,456
1909　榮成,104/06/01,"685,472","8,650,720",12.65,12.75,12.55,12.60,-0.10,223
1909　榮成,104/06/02,"518,768","6,552,317",12.60,12.70,12.60,12.60, 0.00,183
1909　榮成,104/06/03,"1,176,550","14,766,879",12.65,12.65,12.50,12.55,-0.05,418
1909　榮成,104/06/04,"1,049,564","13,084,241",12.55,12.65,12.40,12.40,-0.15,475
1909　榮成,104/06/05,"1,025,949","12,617,822",12.40,12.40,12.20,12.30,-0.10,466
1909　榮成,104/06/08,"667,364","8,229,572",12.30,12.40,12.25,12.30, 0.00,327
1909　榮成,104/06/09,"1,341,866","16,541,212",12.35,12.45,12.25,12.25,-0.05,396
1909　榮成,104/06/10,"1,967,797","24,139,069",12.25,12.35,12.20,12.25, 0.00,379
1909　榮成,104/06/11,"423,483","5,193,442",12.30,12.30,12.20,12.25, 0.00,249
1909　榮成,104/06/12,"629,139","7,799,736",12.25,12.50,12.25,12.50,+0.25,278
1909　榮成,104/06/15,"692,096","8,544,278",12.45,12.45,12.30,12.30,-0.20,247
1909　榮成,104/06/16,"1,031,451","12,660,102",12.30,12.45,12.20,12.25,-0.05,294
1909　榮成,104/06/17,"1,028,190","12,600,185",12.35,12.35,12.20,12.35,+0.10,520
1909　榮成,104/06/18,"559,250","6,884,520",12.40,12.40,12.25,12.35, 0.00,180
1909　榮成,104/06/22,"5,363,926","66,009,788",12.45,12.45,12.25,12.30,-0.05,565
1909　榮成,104/06/23,"952,225","11,916,210",12.40,12.65,12.30,12.50,+0.20,334
1909　榮成,104/06/24,"549,333","6,826,978",12.60,12.60,12.35,12.45,-0.05,203
1909　榮成,104/06/25,"1,131,222","14,251,346",12.40,12.70,12.40,12.65,+0.20,285
1909　榮成,104/06/26,"609,900","7,722,483",12.60,12.75,12.60,12.70,+0.05,172
1909　榮成,104/06/29,"772,532","9,708,149",12.60,12.70,12.50,12.60,-0.10,233
1909　榮成,104/06/30,"1,037,270","13,067,350",12.55,12.70,12.45,12.70,+0.10,289
1909　榮成,104/07/01,"567,836","7,175,097",12.60,12.70,12.55,12.65,-0.05,179
1909　榮成,104/07/02,"446,780","5,634,100",12.65,12.65,12.55,12.60,-0.05,160
1909　榮成,104/07/03,"2,823,443","35,668,280",12.55,12.70,12.45,12.70,+0.10,378
1909　榮成,104/07/06,"981,127","12,368,136",12.65,12.70,12.50,12.60,-0.10,488
1909　榮成,104/07/07,"1,903,420","24,041,466",12.65,12.70,12.55,12.65,+0.05,407
1909　榮成,104/07/08,"3,446,367","43,177,797",12.75,12.75,12.40,12.40,-0.25,823
1909　榮成,104/07/09,"3,399,085","39,363,720",11.50,12.00,11.35,12.00,X0.00,718
1909　榮成,104/07/13,"963,575","11,489,200",12.00,12.00,11.80,12.00, 0.00,357
1909　榮成,104/07/14,"743,432","8,875,166",12.00,12.05,11.85,11.90,-0.10,346
1909　榮成,104/07/15,"1,397,071","16,710,502",11.95,12.05,11.80,12.00,+0.10,424
1909　榮成,104/07/16,"437,593","5,254,433",12.15,12.15,11.90,12.00, 0.00,195
1909　榮成,104/07/17,"265,728","3,161,438",12.00,12.05,11.85,11.85,-0.15,151
1909　榮成,104/07/20,"624,568","7,379,609",11.90,11.95,11.70,11.80,-0.05,176
1909　榮成,104/07/21,"589,587","6,948,625",11.85,11.90,11.65,11.90,+0.10,157
1909　榮成,104/07/22,"1,545,315","18,614,545",11.90,12.20,11.85,12.00,+0.10,447
1909　榮成,104/07/23,"1,047,471","12,583,876",11.95,12.10,11.90,12.00, 0.00,365
1909　榮成,104/07/24,"1,297,000","15,592,650",12.10,12.10,11.90,12.10,+0.10,368
1909　榮成,104/07/27,"1,096,918","12,979,553",12.00,12.05,11.65,11.80,-0.30,403
1909　榮成,104/07/28,"1,215,306","14,112,209",11.50,11.80,11.50,11.60,-0.20,401
1909　榮成,104/07/29,"719,822","8,437,947",11.60,11.90,11.55,11.90,+0.30,235
1909　榮成,104/07/30,"636,396","7,567,569",11.90,12.00,11.80,11.85,-0.05,247
1909　榮成,104/07/31,"590,802","6,964,470",11.95,11.95,11.65,11.80,-0.05,219
1909　榮成,104/08/03,"510,394","5,977,026",11.80,11.80,11.65,11.70,-0.10,238
1909　榮成,104/08/04,"440,474","5,154,443",11.80,11.85,11.65,11.70, 0.00,147
1909　榮成,104/08/05,"388,494","4,555,450",11.75,11.80,11.65,11.70, 0.00,198
1909　榮成,104/08/06,"300,047","3,516,100",11.80,11.80,11.70,11.75,+0.05,167
1909　榮成,104/08/07,"377,891","4,451,560",11.70,11.80,11.70,11.80,+0.05,140
1909　榮成,104/08/10,"1,626,026","19,573,363",11.90,12.15,11.90,12.10,+0.30,371
1909　榮成,104/08/11,"863,299","10,407,219",12.15,12.20,11.95,11.95,-0.15,352
1909　榮成,104/08/12,"656,157","7,764,695",11.90,11.90,11.75,11.85,-0.10,232
1909　榮成,104/08/13,"1,164,887","13,667,903",11.80,11.85,11.65,11.80,-0.05,262
1909　榮成,104/08/14,"461,467","5,454,205",11.80,11.90,11.75,11.80, 0.00,176
1909　榮成,104/08/17,"474,492","5,590,255",11.80,11.85,11.70,11.70,-0.10,127
1909　榮成,104/08/18,"343,142","4,002,222",11.65,11.75,11.60,11.60,-0.10,184
1909　榮成,104/08/19,"2,972,577","33,261,754",11.60,11.65,10.85,11.30,-0.30,920
1909　榮成,104/08/20,"697,365","7,781,373",11.20,11.30,11.05,11.20,-0.10,341
1909　榮成,104/08/21,"2,318,543","24,669,753",11.05,11.05,10.35,10.65,-0.55,753
1909　榮成,104/08/24,"2,619,332","26,279,388",10.30,10.30,9.82,10.10,-0.55,913
1909　榮成,104/08/25,"1,156,503","11,768,612",9.98,10.40,9.95,10.35,+0.25,394
1909　榮成,104/08/26,"908,627","9,338,837",10.30,10.45,10.10,10.35, 0.00,160
1909　榮成,104/08/27,"966,360","10,167,428",10.45,10.60,10.35,10.60,+0.25,445
1909　榮成,104/08/28,"987,420","10,583,359",10.60,10.80,10.60,10.75,+0.15,225
1909　榮成,104/08/31,"432,056","4,613,290",10.75,10.80,10.60,10.65,-0.10,248
1909　榮成,104/09/01,"1,145,281","12,095,976",10.65,10.70,10.50,10.55,-0.10,340
1909　榮成,104/09/02,"829,038","8,641,148",10.40,10.50,10.30,10.50,-0.05,268
1909　榮成,104/09/03,"2,037,896","21,295,759",10.50,10.55,10.35,10.45,-0.05,709
1909　榮成,104/09/04,"1,539,010","16,140,202",10.45,10.60,10.40,10.50,+0.05,518
1909　榮成,104/09/07,"506,508","5,267,180",10.45,10.50,10.35,10.40,-0.10,151
1909　榮成,104/09/08,"718,901","7,486,612",10.35,10.45,10.35,10.45,+0.05,177
1909　榮成,104/09/09,"1,876,315","19,987,033",10.50,10.75,10.50,10.65,+0.20,601
1909　榮成,104/09/10,"968,215","10,267,027",10.60,10.70,10.55,10.65, 0.00,445
1909　榮成,104/09/11,"1,818,964","19,521,362",10.70,10.90,10.60,10.70,+0.05,603
1909　榮成,104/09/14,"689,754","7,341,815",10.75,10.80,10.60,10.60,-0.10,265
1909　榮成,104/09/15,"512,031","5,438,029",10.60,10.65,10.60,10.65,+0.05,244
1909　榮成,104/09/16,"639,107","6,835,891",10.65,10.75,10.65,10.75,+0.10,366
1909　榮成,104/09/17,"1,205,403","13,060,079",10.80,10.95,10.75,10.80,+0.05,591
1909　榮成,104/09/18,"734,250","7,957,998",10.85,10.90,10.75,10.85,+0.05,278
1909　榮成,104/09/21,"714,606","7,650,961",10.75,10.80,10.65,10.65,-0.20,317
1909　榮成,104/09/22,"554,440","5,946,574",10.65,10.80,10.65,10.75,+0.10,150
1909　榮成,104/09/23,"581,021","6,166,674",10.70,10.75,10.55,10.60,-0.15,259
1909　榮成,104/09/24,"696,541","7,316,642",10.60,10.65,10.45,10.50,-0.10,268
1909　榮成,104/09/25,"224,206","2,339,762",10.35,10.50,10.35,10.45,-0.05,132
1909　榮成,104/09/30,"442,204","4,604,029",10.45,10.45,10.35,10.45, 0.00,176
1909　榮成,104/10/01,"1,172,281","12,339,075",10.45,10.65,10.35,10.65,+0.20,286
1909　榮成,104/10/02,"141,776","1,507,181",10.60,10.65,10.60,10.60,-0.05,111
1909　榮成,104/10/05,"571,317","6,080,708",10.70,10.75,10.50,10.70,+0.10,215
1909　榮成,104/10/06,"265,655","2,848,090",10.80,10.80,10.65,10.70, 0.00,142
1909　榮成,104/10/07,"396,931","4,255,417",10.70,10.80,10.60,10.75,+0.05,166
1909　榮成,104/10/08,"1,446,909","15,714,313",10.80,10.95,10.70,10.90,+0.15,437
1909　榮成,104/10/12,"1,443,964","15,968,754",11.00,11.15,10.95,11.10,+0.20,593
1909　榮成,104/10/13,"712,564","7,914,004",11.15,11.20,11.00,11.20,+0.10,381
1909　榮成,104/10/14,"820,355","9,191,123",11.15,11.30,11.05,11.25,+0.05,311
1909　榮成,104/10/15,"1,252,967","14,168,972",11.25,11.40,11.20,11.35,+0.10,467
1909　榮成,104/10/16,"2,813,721","32,736,024",11.40,11.75,11.35,11.60,+0.25,894
1909　榮成,104/10/19,"840,968","9,733,124",11.60,11.65,11.50,11.55,-0.05,327
1909　榮成,104/10/20,"1,673,412","19,487,484",11.65,11.75,11.50,11.75,+0.20,412
1909　榮成,104/10/21,"810,414","9,413,777",11.80,11.80,11.55,11.55,-0.20,282
1909　榮成,104/10/22,"314,458","3,659,561",11.55,11.70,11.55,11.65,+0.10,126
1909　榮成,104/10/23,"372,155","4,345,646",11.75,11.75,11.60,11.70,+0.05,152
1909　榮成,104/10/26,"1,223,020","14,486,784",11.80,11.90,11.75,11.85,+0.15,394
1909　榮成,104/10/27,"867,097","10,314,647",11.95,12.00,11.80,11.95,+0.10,313
1909　榮成,104/10/28,"512,575","6,076,084",11.90,11.95,11.80,11.85,-0.10,191
1909　榮成,104/10/29,"861,374","10,018,266",11.85,11.90,11.50,11.55,-0.30,340
1909　榮成,104/10/30,"522,094","6,116,243",11.70,11.80,11.55,11.80,+0.25,253
1909　榮成,104/11/02,"389,863","4,590,293",11.65,11.85,11.65,11.80, 0.00,155
1909　榮成,104/11/03,"766,783","9,095,796",11.80,11.95,11.75,11.80, 0.00,293
1909　榮成,104/11/04,"851,764","10,144,349",11.90,11.95,11.85,11.90,+0.10,357
1909　榮成,104/11/05,"523,657","6,243,214",11.90,12.00,11.85,11.90, 0.00,217
1909　榮成,104/11/06,"448,600","5,310,048",11.90,11.90,11.75,11.75,-0.15,140
1909　榮成,104/11/09,"976,649","11,275,620",11.80,11.85,11.40,11.60,-0.15,223
1909　榮成,104/11/10,"554,056","6,365,440",11.55,11.60,11.40,11.55,-0.05,190
1909　榮成,104/11/11,"315,392","3,626,385",11.55,11.55,11.45,11.45,-0.10,144
1909　榮成,104/11/12,"463,516","5,276,832",11.45,11.45,11.35,11.40,-0.05,170
1909　榮成,104/11/13,"832,310","9,382,868",11.40,11.40,11.20,11.25,-0.15,220
1909　榮成,104/11/16,"261,987","2,937,102",11.10,11.35,11.10,11.25, 0.00,129
1909　榮成,104/11/17,"311,003","3,535,533",11.30,11.45,11.30,11.40,+0.15,117
1909　榮成,104/11/18,"312,495","3,552,716",11.40,11.45,11.30,11.40, 0.00,123
1909　榮成,104/11/19,"843,366","9,601,532",11.45,11.50,11.30,11.35,-0.05,278
1909　榮成,104/11/20,"502,349","5,675,542",11.40,11.40,11.25,11.35, 0.00,155
1909　榮成,104/11/23,"648,900","7,350,763",11.35,11.40,11.30,11.35, 0.00,142
1909　榮成,104/11/24,"294,805","3,328,793",11.40,11.40,11.20,11.20,-0.15,121
1909　榮成,104/11/25,"258,174","2,901,195",11.25,11.30,11.20,11.25,+0.05,133
1909　榮成,104/11/26,"302,429","3,407,497",11.20,11.35,11.20,11.30,+0.05,166
1909　榮成,104/11/27,"355,134","3,985,299",11.30,11.35,11.20,11.25,-0.05,97
1909　榮成,104/11/30,"816,021","8,927,931",11.25,11.25,10.70,10.90,-0.35,369
1909　榮成,104/12/01,"287,430","3,170,780",11.00,11.10,10.95,11.10,+0.20,130
1909　榮成,104/12/02,"545,773","6,038,953",11.15,11.15,11.00,11.05,-0.05,224
1909　榮成,104/12/03,"343,014","3,789,197",11.05,11.10,11.00,11.00,-0.05,97
1909　榮成,104/12/04,"760,403","8,402,233",11.00,11.15,10.95,11.05,+0.05,138
1909　榮成,104/12/07,"253,444","2,816,672",11.10,11.15,11.05,11.15,+0.10,93
1909　榮成,104/12/08,"355,365","3,921,565",11.15,11.15,11.00,11.05,-0.10,178
1909　榮成,104/12/09,"1,851,060","19,847,640",11.00,11.00,10.55,10.75,-0.30,479
1909　榮成,104/12/10,"717,718","7,618,106",10.80,10.80,10.55,10.60,-0.15,260
1909　榮成,104/12/11,"762,805","8,082,938",10.65,10.70,10.55,10.55,-0.05,239
1909　榮成,104/12/14,"1,186,278","12,279,946",10.45,10.50,10.25,10.25,-0.30,374
1909　榮成,104/12/15,"649,326","6,706,640",10.35,10.40,10.25,10.25, 0.00,252
1909　榮成,104/12/16,"1,005,310","10,377,376",10.35,10.40,10.25,10.30,+0.05,225
1909　榮成,104/12/17,"628,633","6,532,218",10.40,10.45,10.30,10.35,+0.05,402
1909　榮成,104/12/18,"648,140","6,741,004",10.35,10.50,10.35,10.35, 0.00,236
1909　榮成,104/12/21,"520,567","5,433,085",10.40,10.50,10.35,10.45,+0.10,190
1909　榮成,104/12/22,"718,494","7,496,080",10.45,10.50,10.35,10.40,-0.05,197
1909　榮成,104/12/23,"1,379,202","14,718,068",10.50,10.85,10.50,10.75,+0.35,489
1909　榮成,104/12/24,"802,239","8,648,575",10.75,10.85,10.70,10.70,-0.05,258
1909　榮成,104/12/25,"281,219","3,020,788",10.70,10.80,10.70,10.70, 0.00,96
1909　榮成,104/12/28,"517,118","5,511,938",10.75,10.80,10.60,10.60,-0.10,173
1909　榮成,104/12/29,"303,817","3,226,663",10.60,10.70,10.55,10.60, 0.00,157
1909　榮成,104/12/30,"279,537","2,983,547",10.60,10.70,10.60,10.70,+0.10,109
1909　榮成,104/12/31,"381,871","4,047,071",10.70,10.70,10.55,10.65,-0.05,110
1909　榮成,105/01/04,"471,259","4,978,114",10.65,10.65,10.50,10.55,-0.10,217
1909　榮成,105/01/05,"494,209","5,165,148",10.55,10.55,10.40,10.40,-0.15,257
1909　榮成,105/01/06,"688,157","7,117,273",10.40,10.55,10.25,10.30,-0.10,297
1909　榮成,105/01/07,"1,413,210","14,238,850",10.30,10.35,9.99,10.15,-0.15,482
1909　榮成,105/01/08,"1,263,774","12,914,809",10.10,10.45,10.05,10.30,+0.15,388
1909　榮成,105/01/11,"1,123,799","11,301,868",10.20,10.20,9.99,10.05,-0.25,328
1909　榮成,105/01/12,"1,136,342","11,395,200",10.10,10.15,10.00,10.10,+0.05,328
1909　榮成,105/01/13,"1,155,430","11,591,000",10.10,10.15,9.99,10.05,-0.05,406
1909　榮成,105/01/14,"672,220","6,689,011",9.99,9.99,9.90,9.92,-0.13,248
1909　榮成,105/01/15,"601,510","5,978,318",10.00,10.00,9.92,9.92, 0.00,250
1909　榮成,105/01/18,"1,192,168","11,813,250",9.85,10.10,9.78,10.10,+0.18,313
1909　榮成,105/01/19,"1,054,532","10,631,371",10.05,10.20,10.00,10.20,+0.10,395
1909　榮成,105/01/20,"1,365,961","13,691,694",10.20,10.20,9.95,10.00,-0.20,547
1909　榮成,105/01/21,"840,357","8,397,539",10.00,10.05,9.95,9.99,-0.01,393
1909　榮成,105/01/22,"959,525","9,536,120",10.05,10.05,9.85,9.95,-0.04,420
1909　榮成,105/01/25,"558,115","5,550,838",10.00,10.00,9.91,9.95, 0.00,269
1909　榮成,105/01/26,"434,093","4,305,549",9.98,9.98,9.90,9.94,-0.01,175
1909　榮成,105/01/27,"889,502","8,796,040",9.96,9.96,9.80,9.89,-0.05,352
1909　榮成,105/01/28,"604,004","5,960,270",9.90,9.94,9.84,9.86,-0.03,348
1909　榮成,105/01/29,"699,907","6,928,459",9.85,9.98,9.85,9.98,+0.12,341
1909　榮成,105/01/30,"723,373","7,237,763",10.00,10.10,9.95,10.05,+0.07,214
1909　榮成,105/02/01,"896,930","9,011,941",10.05,10.10,10.00,10.05, 0.00,332
1909　榮成,105/02/02,"1,059,204","10,631,609",10.10,10.10,10.00,10.00,-0.05,332
1909　榮成,105/02/03,"674,901","6,724,273",10.00,10.05,9.94,9.96,-0.04,192
1909　榮成,105/02/15,"1,448,803","14,549,683",9.91,10.20,9.90,10.20,+0.24,659
1909　榮成,105/02/16,"1,603,431","16,517,327",10.30,10.40,10.20,10.40,+0.20,601
1909　榮成,105/02/17,"1,406,156","14,633,025",10.40,10.50,10.30,10.45,+0.05,405
1909　榮成,105/02/18,"988,451","10,315,883",10.45,10.55,10.35,10.50,+0.05,271
1909　榮成,105/02/19,"602,601","6,254,413",10.50,10.50,10.30,10.40,-0.10,207
1909　榮成,105/02/22,"1,539,951","16,031,636",10.40,10.50,10.35,10.40, 0.00,465
1909　榮成,105/02/23,"1,308,760","13,763,076",10.45,10.60,10.40,10.50,+0.10,332
1909　榮成,105/02/24,"844,874","8,835,273",10.50,10.60,10.40,10.45,-0.05,315
1909　榮成,105/02/25,"1,515,745","16,018,522",10.50,10.70,10.45,10.70,+0.25,460
1909　榮成,105/02/26,"1,211,149","12,935,033",10.70,10.80,10.60,10.70, 0.00,381
1909　榮成,105/03/01,"1,024,355","10,922,295",10.70,10.75,10.60,10.65,-0.05,386
1909　榮成,105/03/02,"2,020,286","21,879,177",10.75,10.95,10.65,10.85,+0.20,517
1909　榮成,105/03/03,"1,537,911","16,881,921",10.90,11.10,10.85,11.05,+0.20,445
1909　榮成,105/03/04,"1,697,212","18,954,601",11.05,11.25,11.05,11.15,+0.10,508
1909　榮成,105/03/07,"1,621,305","18,290,423",11.20,11.40,11.20,11.30,+0.15,402
1909　榮成,105/03/08,"2,774,762","31,546,613",11.30,11.50,11.15,11.50,+0.20,682
1909　榮成,105/03/09,"1,649,539","18,998,945",11.40,11.60,11.35,11.55,+0.05,647
1909　榮成,105/03/10,"1,376,671","15,925,912",11.60,11.60,11.50,11.55, 0.00,351
1909　榮成,105/03/11,"1,946,944","22,404,000",11.55,11.65,11.40,11.55, 0.00,555
1909　榮成,105/03/14,"1,800,445","21,069,524",11.70,11.80,11.60,11.70,+0.15,610
1909　榮成,105/03/15,"1,871,754","21,458,013",11.70,11.70,11.30,11.30,-0.40,553
1909　榮成,105/03/16,"1,014,418","11,622,983",11.30,11.55,11.30,11.50,+0.20,294
1909　榮成,105/03/17,"573,617","6,584,648",11.55,11.60,11.40,11.45,-0.05,132
1909　榮成,105/03/18,"1,475,739","16,989,678",11.45,11.60,11.40,11.60,+0.15,418
1909　榮成,105/03/21,"6,019,819","72,711,403",12.10,12.30,11.95,12.05,+0.45,"1,474"
1909　榮成,105/03/22,"4,212,714","51,295,014",12.05,12.35,12.00,12.15,+0.10,"1,035"
1909　榮成,105/03/23,"2,971,555","36,416,938",12.15,12.35,12.15,12.25,+0.10,778
1909　榮成,105/03/24,"4,531,325","57,113,200",12.30,12.95,12.15,12.80,+0.55,"1,331"
1909　榮成,105/03/25,"4,528,045","58,742,103",13.10,13.15,12.80,12.80, 0.00,"1,235"
1909　榮成,105/03/28,"1,982,094","25,109,222",12.75,12.75,12.60,12.60,-0.20,597
1909　榮成,105/03/29,"2,209,118","27,784,723",12.60,12.70,12.45,12.65,+0.05,824
1909　榮成,105/03/30,"1,589,041","20,387,562",12.60,12.90,12.60,12.80,+0.15,654
1909　榮成,105/03/31,"1,691,144","21,730,974",12.75,12.95,12.70,12.85,+0.05,580
1909　榮成,105/04/01,"1,432,001","18,455,842",12.90,12.95,12.85,12.90,+0.05,457
1909　榮成,105/04/06,"5,660,324","74,509,113",12.90,13.45,12.90,13.30,+0.40,"1,755"
1909　榮成,105/04/07,"2,265,631","30,205,635",13.40,13.45,13.20,13.35,+0.05,877
1909　榮成,105/04/08,"1,452,834","19,253,603",13.30,13.35,13.15,13.25,-0.10,641
1909　榮成,105/04/11,"4,716,462","63,702,978",13.40,13.60,13.35,13.50,+0.25,"1,241"
1909　榮成,105/04/12,"2,824,571","38,376,601",13.60,13.70,13.45,13.55,+0.05,"1,153"
1909　榮成,105/04/13,"3,921,361","53,658,155",13.65,13.85,13.55,13.80,+0.25,"1,225"
1909　榮成,105/04/14,"1,623,263","22,371,809",13.85,13.85,13.70,13.80, 0.00,679
1909　榮成,105/04/15,"2,413,009","33,363,971",13.75,13.90,13.70,13.85,+0.05,"1,069"
1909　榮成,105/04/18,"3,840,861","53,831,372",13.85,14.15,13.80,13.85, 0.00,"1,366"
1909　榮成,105/04/19,"1,635,491","22,774,317",13.95,14.00,13.85,13.95,+0.10,699
1909　榮成,105/04/20,"3,087,431","42,502,920",14.00,14.05,13.60,13.75,-0.20,991
1909　榮成,105/04/21,"2,248,551","30,767,690",13.70,13.80,13.60,13.65,-0.10,745
1909　榮成,105/04/22,"3,093,348","41,569,160",13.65,13.65,13.25,13.45,-0.20,"1,019"
1909　榮成,105/04/25,"1,914,941","26,087,633",13.50,13.80,13.45,13.80,+0.35,863
1909　榮成,105/04/26,"1,995,286","27,594,126",13.90,13.95,13.70,13.85,+0.05,691
1909　榮成,105/04/27,"932,090","12,903,538",13.85,13.90,13.80,13.80,-0.05,419
1909　榮成,105/04/28,"1,235,557","16,846,490",13.70,13.75,13.55,13.70,-0.10,567
1909　榮成,105/04/29,"2,111,663","28,402,378",13.50,13.60,13.40,13.50,-0.20,696
1909　榮成,105/05/03,"1,924,989","25,861,847",13.55,13.55,13.30,13.50, 0.00,545
1909　榮成,105/05/04,"1,750,500","23,416,799",13.40,13.50,13.30,13.40,-0.10,705
1909　榮成,105/05/05,"1,372,507","18,310,091",13.35,13.45,13.25,13.40, 0.00,595
1909　榮成,105/05/06,"942,218","12,569,047",13.45,13.45,13.30,13.30,-0.10,347
1909　榮成,105/05/09,"1,762,395","23,798,440",13.50,13.60,13.45,13.45,+0.15,524
1909　榮成,105/05/10,"1,240,940","16,777,483",13.50,13.60,13.40,13.55,+0.10,536
1909　榮成,105/05/11,"651,739","8,826,673",13.60,13.60,13.50,13.55, 0.00,248
1909　榮成,105/05/12,"663,781","8,987,699",13.50,13.60,13.45,13.45,-0.10,392
1909　榮成,105/05/13,"1,824,630","24,345,269",13.50,13.50,13.25,13.45, 0.00,685
1909　榮成,105/05/16,"1,539,119","20,389,674",13.30,13.40,13.15,13.25,-0.20,593
1909　榮成,105/05/17,"676,889","8,999,419",13.30,13.35,13.20,13.30,+0.05,293
1909　榮成,105/05/18,"950,362","12,593,873",13.30,13.35,13.20,13.25,-0.05,332
1909　榮成,105/05/19,"1,567,366","20,554,471",13.25,13.30,13.00,13.05,-0.20,486
1909　榮成,105/05/20,"744,367","9,760,786",13.10,13.20,13.05,13.10,+0.05,362
1909　榮成,105/05/23,"1,158,220","15,344,674",13.10,13.40,13.05,13.40,+0.30,436
1909　榮成,105/05/24,"982,841","13,061,699",13.35,13.40,13.20,13.35,-0.05,466
1909　榮成,105/05/25,"1,276,240","16,928,537",13.35,13.40,13.20,13.30,-0.05,450
1909　榮成,105/05/26,"356,390","4,738,682",13.30,13.35,13.25,13.35,+0.05,125
1909　榮成,105/05/27,"513,668","6,862,277",13.30,13.40,13.30,13.35, 0.00,224
1909　榮成,105/05/30,"567,706","7,559,637",13.40,13.40,13.25,13.35, 0.00,254
1909　榮成,105/05/31,"1,037,723","13,754,225",13.35,13.35,13.20,13.25,-0.10,595
1909　榮成,105/06/01,"1,020,162","13,488,534",13.30,13.30,13.15,13.25, 0.00,418
1909　榮成,105/06/02,"644,219","8,500,027",13.20,13.25,13.15,13.20,-0.05,297
1909　榮成,105/06/03,"643,191","8,481,018",13.20,13.25,13.15,13.20, 0.00,216
1909　榮成,105/06/04,"205,324","2,722,124",13.20,13.30,13.15,13.25,+0.05,72
1909　榮成,105/06/06,"1,049,306","13,887,283",13.30,13.30,13.15,13.25, 0.00,254
1909　榮成,105/06/07,"751,049","9,971,544",13.25,13.35,13.20,13.30,+0.05,251
1909　榮成,105/06/08,"11,933,569","167,632,112",13.55,14.30,13.50,14.15,+0.85,"3,523"
1909　榮成,105/06/13,"4,342,296","61,791,515",14.10,14.40,14.00,14.25,+0.10,"1,390"
1909　榮成,105/06/14,"2,090,276","29,550,138",14.10,14.25,14.05,14.20,-0.05,734
1909　榮成,105/06/15,"3,654,340","52,748,176",14.30,14.55,14.20,14.45,+0.25,"1,167"
1909　榮成,105/06/16,"4,011,936","58,293,923",14.45,14.65,14.45,14.50,+0.05,"1,038"
1909　榮成,105/06/17,"2,492,541","36,219,341",14.55,14.60,14.45,14.60,+0.10,924
1909　榮成,105/06/20,"2,840,002","41,689,618",14.65,14.75,14.60,14.70,+0.10,974
1909　榮成,105/06/21,"5,342,963","80,128,280",14.80,15.15,14.75,15.15,+0.45,"1,670"
1909　榮成,105/06/22,"3,529,850","53,291,776",15.20,15.25,14.95,15.25,+0.10,"1,192"
1909　榮成,105/06/23,"4,153,326","63,926,556",15.20,15.50,15.15,15.50,+0.25,"1,101"
1909　榮成,105/06/24,"7,693,563","118,812,534",15.45,15.70,15.10,15.50, 0.00,"2,192"
1909　榮成,105/06/27,"3,274,402","50,676,426",15.50,15.60,15.40,15.55,+0.05,"1,073"
1909　榮成,105/06/28,"3,563,633","55,120,674",15.40,15.55,15.40,15.50,-0.05,"1,030"
1909　榮成,105/06/29,"5,120,922","80,819,755",15.60,15.90,15.60,15.85,+0.35,"1,567"
1909　榮成,105/06/30,"4,377,535","69,581,442",15.85,15.95,15.80,15.95,+0.10,"1,396"
1909　榮成,105/07/01,"5,049,441","81,228,362",16.00,16.15,15.95,16.15,+0.20,"1,603"
1909　榮成,105/07/04,"10,333,221","169,944,345",16.20,16.60,16.20,16.45,+0.30,"2,726"
1909　榮成,105/07/05,"13,335,987","212,529,722",15.70,16.25,15.65,15.85,X0.00,"3,397"
1909　榮成,105/07/06,"6,268,124","97,562,268",15.95,15.95,15.45,15.55,-0.30,"2,056"
1909　榮成,105/07/07,"7,052,002","106,866,673",15.50,15.55,15.00,15.30,-0.25,"2,178"
1909　榮成,105/07/11,"5,499,474","86,473,189",15.65,15.95,15.60,15.65,+0.35,"1,518"
1909　榮成,105/07/12,"9,186,160","146,432,330",15.75,16.15,15.70,16.00,+0.35,"2,168"
1909　榮成,105/07/13,"7,276,955","116,364,429",16.05,16.20,15.85,15.95,-0.05,"2,158"
1909　榮成,105/07/14,"2,725,385","43,051,005",15.90,15.90,15.70,15.80,-0.15,941
1909　榮成,105/07/15,"4,794,962","75,281,703",15.75,15.90,15.55,15.65,-0.15,"1,281"
1909　榮成,105/07/18,"4,716,680","74,419,681",15.60,15.95,15.50,15.90,+0.25,"1,454"
1909　榮成,105/07/19,"3,538,433","56,352,604",16.00,16.10,15.80,15.90, 0.00,"1,156"
1909　榮成,105/07/20,"3,701,692","58,929,161",15.90,16.00,15.80,15.90, 0.00,"1,270"
1909　榮成,105/07/21,"3,094,100","49,342,226",16.00,16.10,15.85,15.85,-0.05,972
1909　榮成,105/07/22,"2,607,063","40,909,727",15.80,15.80,15.55,15.70,-0.15,"1,122"
1909　榮成,105/07/25,"2,789,707","43,444,385",15.70,15.70,15.50,15.60,-0.10,746
1909　榮成,105/07/26,"968,032","15,082,644",15.60,15.65,15.50,15.65,+0.05,522
1909　榮成,105/07/27,"2,254,617","35,553,226",15.65,15.85,15.65,15.80,+0.15,"1,074"
1909　榮成,105/07/28,"1,997,835","31,676,835",15.80,15.95,15.70,15.85,+0.05,739
1909　榮成,105/07/29,"1,499,705","23,775,899",15.85,15.90,15.80,15.85, 0.00,528
1909　榮成,105/08/01,"2,308,772","36,703,879",15.85,16.00,15.80,15.90,+0.05,685
1909　榮成,105/08/02,"1,739,024","27,590,617",15.90,16.00,15.80,15.90, 0.00,655
1909　榮成,105/08/03,"9,868,533","160,015,668",15.75,16.40,15.75,16.20,+0.30,"2,433"
1909　榮成,105/08/04,"9,733,525","160,245,067",16.45,16.70,16.20,16.30,+0.10,"2,472"
1909　榮成,105/08/05,"2,698,393","43,967,097",16.20,16.40,16.20,16.40,+0.10,946
1909　榮成,105/08/08,"2,523,578","41,491,879",16.50,16.55,16.30,16.35,-0.05,773
1909　榮成,105/08/09,"7,544,047","119,590,727",16.15,16.15,15.60,15.75,-0.60,"2,196"
1909　榮成,105/08/10,"4,503,415","70,283,728",15.75,15.75,15.45,15.65,-0.10,"1,274"
1909　榮成,105/08/11,"4,323,411","66,433,600",15.55,15.55,15.20,15.35,-0.30,"1,507"
1909　榮成,105/08/12,"2,991,745","46,316,465",15.40,15.70,15.30,15.70,+0.35,"1,186"
1909　榮成,105/08/15,"3,093,213","49,443,409",15.80,16.15,15.80,15.95,+0.25,"1,027"
1909　榮成,105/08/16,"2,868,480","45,642,978",16.05,16.10,15.80,15.80,-0.15,"1,142"
1909　榮成,105/08/17,"1,841,891","29,081,724",15.70,15.90,15.70,15.85,+0.05,906
1909　榮成,105/08/18,"3,890,370","62,313,731",15.90,16.10,15.75,16.10,+0.25,"1,397"
1909　榮成,105/08/19,"5,029,094","81,806,749",16.15,16.40,16.10,16.15,+0.05,"1,419"
1909　榮成,105/08/22,"2,466,051","39,299,143",16.00,16.10,15.80,15.85,-0.30,958
1909　榮成,105/08/23,"1,882,305","29,678,678",15.85,15.95,15.70,15.80,-0.05,625
1909　榮成,105/08/24,"1,984,348","31,215,806",15.80,15.85,15.65,15.75,-0.05,796
1909　榮成,105/08/25,"2,192,533","34,204,356",15.65,15.80,15.50,15.65,-0.10,865
1909　榮成,105/08/26,"1,254,379","19,683,888",15.55,15.80,15.55,15.75,+0.10,693
1909　榮成,105/08/29,"1,995,640","31,023,831",15.65,15.75,15.45,15.60,-0.15,957
1909　榮成,105/08/30,"916,741","14,282,151",15.50,15.65,15.50,15.65,+0.05,396
1909　榮成,105/08/31,"1,442,705","22,465,655",15.60,15.65,15.50,15.60,-0.05,591
1909　榮成,105/09/01,"1,158,970","18,011,081",15.55,15.60,15.50,15.50,-0.10,618
1909　榮成,105/09/02,"3,561,659","54,338,812",15.50,15.50,15.15,15.20,-0.30,"1,328"
1909　榮成,105/09/05,"2,721,070","41,568,175",15.20,15.50,15.20,15.50,+0.30,828
1909　榮成,105/09/06,"1,310,644","20,335,277",15.50,15.60,15.40,15.60,+0.10,577
1909　榮成,105/09/07,"4,724,024","75,293,932",15.60,16.25,15.55,16.20,+0.60,"1,306"
1909　榮成,105/09/08,"6,380,586","103,543,324",16.20,16.35,16.15,16.20, 0.00,"2,051"
1909　榮成,105/09/09,"3,205,041","51,224,353",16.00,16.20,15.75,16.20, 0.00,"1,248"
1909　榮成,105/09/10,"1,041,452","16,661,782",15.95,16.15,15.85,16.05,-0.15,398
1909　榮成,105/09/12,"3,253,600","52,534,605",16.10,16.20,16.00,16.20,+0.15,"1,228"
1909　榮成,105/09/13,"5,439,723","86,085,020",15.85,16.05,15.65,15.80,X0.00,"2,014"
1909　榮成,105/09/14,"4,975,711","77,618,900",15.60,16.00,15.35,16.00,+0.20,"1,648"
1909　榮成,105/09/19,"5,588,060","86,644,429",15.65,15.70,15.40,15.45,-0.55,"1,830"
1909　榮成,105/09/20,"6,278,059","96,052,495",15.50,15.50,15.20,15.20,-0.25,"2,346"
1909　榮成,105/09/21,"3,133,131","47,894,110",15.20,15.45,15.20,15.40,+0.20,"1,187"
1909　榮成,105/09/22,"1,984,415","30,292,022",15.45,15.45,15.20,15.25,-0.15,993
1909　榮成,105/09/23,"1,643,796","25,205,583",15.30,15.40,15.30,15.30,+0.05,847
1909　榮成,105/09/26,"1,307,683","19,915,978",15.25,15.30,15.20,15.20,-0.10,701
1909　榮成,105/09/29,"2,710,248","41,085,438",15.30,15.30,15.05,15.15,-0.05,"1,356"
1909　榮成,105/09/30,"2,555,701","38,459,897",15.15,15.15,14.95,15.10,-0.05,"1,000"
1909　榮成,105/10/03,"4,474,865","69,394,054",15.40,15.65,15.40,15.45,+0.35,"1,242"
1909　榮成,105/10/04,"1,976,272","30,474,878",15.45,15.55,15.30,15.40,-0.05,757
1909　榮成,105/10/05,"2,524,514","38,899,762",15.40,15.55,15.30,15.35,-0.05,842
1909　榮成,105/10/06,"1,340,778","20,549,173",15.35,15.35,15.30,15.35, 0.00,572
1909　榮成,105/10/07,"2,072,901","31,609,532",15.30,15.35,15.20,15.20,-0.15,934
1909　榮成,105/10/11,"2,120,946","32,051,229",15.20,15.30,15.00,15.10,-0.10,716
1909　榮成,105/10/12,"1,570,381","23,715,238",15.00,15.30,15.00,15.15,+0.05,565
1909　榮成,105/10/13,"1,046,693","15,804,121",15.20,15.20,15.05,15.05,-0.10,441
1909　榮成,105/10/14,"2,441,737","36,618,327",15.05,15.15,14.90,14.90,-0.15,877
1909　榮成,105/10/17,"1,370,716","20,525,456",14.90,15.05,14.90,14.95,+0.05,482
1909　榮成,105/10/18,"2,620,948","39,330,017",14.95,15.10,14.90,14.95, 0.00,905
1909　榮成,105/10/19,"4,733,010","72,030,643",15.00,15.40,15.00,15.20,+0.25,"1,185"
1909　榮成,105/10/20,"2,167,592","32,944,531",15.20,15.25,15.10,15.15,-0.05,737
1909　榮成,105/10/21,"2,889,474","44,251,442",15.10,15.40,15.10,15.40,+0.25,720
1909　榮成,105/10/24,"2,575,601","39,404,809",15.30,15.40,15.20,15.25,-0.15,874
1909　榮成,105/10/25,"1,917,331","29,070,858",15.25,15.25,15.05,15.15,-0.10,838
1909　榮成,105/10/26,"1,168,666","17,687,250",15.15,15.20,15.10,15.10,-0.05,631
1909　榮成,105/10/27,"2,203,707","33,225,684",15.10,15.20,15.00,15.05,-0.05,599
1909　榮成,105/10/28,"1,336,201","20,101,115",15.05,15.15,14.95,15.05, 0.00,428
1909　榮成,105/10/31,"2,096,246","31,436,899",15.05,15.10,14.95,15.00,-0.05,794
1909　榮成,105/11/01,"1,863,242","27,739,945",14.95,15.00,14.80,14.90,-0.10,681
1909　榮成,105/11/02,"5,020,956","73,827,286",14.85,14.95,14.25,14.85,-0.05,"1,294"
1909　榮成,105/11/03,"2,230,559","32,908,439",14.80,15.00,14.60,14.80,-0.05,854
1909　榮成,105/11/04,"1,411,074","20,985,147",14.75,15.00,14.70,14.90,+0.10,378
1909　榮成,105/11/07,"889,905","13,220,137",14.90,14.95,14.80,14.80,-0.10,354
1909　榮成,105/11/08,"3,715,402","55,391,650",14.90,15.00,14.80,15.00,+0.20,"2,218"
1909　榮成,105/11/09,"7,904,562","118,042,077",14.90,15.05,14.80,14.85,-0.15,"2,430"
1909　榮成,105/11/10,"2,856,003","42,825,795",15.00,15.05,14.90,15.05,+0.20,974
1909　榮成,105/11/11,"6,688,453","101,657,352",15.00,15.35,14.90,15.30,+0.25,"2,386"
1909　榮成,105/11/14,"4,068,583","61,288,917",15.25,15.25,14.95,15.00,-0.30,"1,047"
1909　榮成,105/11/15,"2,720,954","40,996,001",15.10,15.15,15.00,15.15,+0.15,799
1909　榮成,105/11/16,"1,530,518","22,962,839",15.15,15.15,14.90,15.05,-0.10,691
1909　榮成,105/11/17,"2,955,555","44,313,475",15.05,15.05,14.85,14.95,-0.10,665
1909　榮成,105/11/18,"1,762,420","26,489,100",15.00,15.15,14.95,15.00,+0.05,473
1909　榮成,105/11/21,"2,361,738","35,527,673",15.00,15.15,14.90,15.15,+0.15,677
1909　榮成,105/11/22,"5,189,875","78,413,506",15.15,15.20,15.05,15.10,-0.05,833
1909　榮成,105/11/23,"5,001,244","76,186,676",15.05,15.35,15.05,15.35,+0.25,"1,553"
1909　榮成,105/11/24,"1,685,044","25,854,264",15.35,15.40,15.25,15.35, 0.00,582
1909　榮成,105/11/25,"1,792,206","27,529,401",15.35,15.40,15.30,15.35, 0.00,467
1909　榮成,105/11/28,"10,576,639","167,753,848",15.35,16.20,15.35,16.00,+0.65,"3,012"
1909　榮成,105/11/29,"3,836,979","61,121,007",16.00,16.00,15.85,15.90,-0.10,"1,323"
1909　榮成,105/11/30,"5,768,885","93,225,024",16.00,16.35,16.00,16.20,+0.30,"1,798"
1909　榮成,105/12/01,"2,743,116","44,330,711",16.30,16.30,16.05,16.15,-0.05,"1,070"
1909　榮成,105/12/02,"4,300,647","69,876,221",16.20,16.45,16.05,16.25,+0.10,"1,601"
1909　榮成,105/12/05,"12,664,747","208,901,500",16.40,16.70,16.20,16.20,-0.05,"3,049"
1909　榮成,105/12/06,"4,712,479","75,944,899",16.20,16.30,15.95,16.15,-0.05,"1,497"
1909　榮成,105/12/07,"3,216,533","51,499,741",16.20,16.25,15.90,16.00,-0.15,"1,056"
1909　榮成,105/12/08,"2,455,779","39,607,641",16.20,16.30,16.00,16.10,+0.10,872
1909　榮成,105/12/09,"1,763,860","28,358,789",16.15,16.20,16.00,16.15,+0.05,841
1909　榮成,105/12/12,"1,552,641","24,920,129",16.15,16.20,15.95,16.10,-0.05,732
1909　榮成,105/12/13,"4,366,350","68,953,976",16.10,16.15,15.55,15.70,-0.40,"1,632"
1909　榮成,105/12/14,"3,001,631","46,976,139",15.75,15.80,15.55,15.60,-0.10,"1,103"
1909　榮成,105/12/15,"2,340,759","36,972,637",15.60,15.95,15.55,15.90,+0.30,940
1909　榮成,105/12/16,"1,582,665","24,987,487",15.90,15.95,15.70,15.70,-0.20,639
1909　榮成,105/12/19,"1,818,226","28,335,282",15.60,15.70,15.50,15.65,-0.05,616
1909　榮成,105/12/20,"970,270","15,145,642",15.65,15.65,15.55,15.60,-0.05,396
1909　榮成,105/12/21,"1,791,550","28,140,160",15.60,15.85,15.60,15.80,+0.20,464
1909　榮成,105/12/22,"2,081,168","32,477,117",15.80,15.80,15.55,15.65,-0.15,612
1909　榮成,105/12/23,"2,197,134","34,150,085",15.55,15.65,15.40,15.60,-0.05,591
1909　榮成,105/12/26,"1,196,317","18,851,221",15.65,15.85,15.65,15.80,+0.20,497
1909　榮成,105/12/27,"1,024,355","16,120,069",15.75,15.80,15.65,15.70,-0.10,503
1909　榮成,105/12/28,"1,331,197","21,077,635",15.75,15.90,15.70,15.80,+0.10,629
1909　榮成,105/12/29,"5,318,450","85,928,920",15.90,16.35,15.90,16.05,+0.25,"1,835"
1909　榮成,105/12/30,"4,855,314","78,844,392",16.10,16.35,16.05,16.35,+0.30,"1,711"
1909　榮成,106/01/03,"16,950,444","285,608,478",16.35,17.15,16.35,17.15,+0.80,"4,298"
1909　榮成,106/01/04,"16,113,890","282,817,453",17.25,17.90,17.25,17.45,+0.30,"4,824"
1909　榮成,106/01/05,"31,732,682","581,416,023",17.70,18.80,17.70,18.45,+1.00,"8,800"
1909　榮成,106/01/06,"43,209,329","863,726,422",20.00,20.25,19.25,20.25,+1.80,"9,649"
1909　榮成,106/01/09,"36,245,033","733,465,002",20.45,20.45,19.90,20.30,+0.05,"8,125"
1909　榮成,106/01/10,"50,001,359","1,050,259,368",20.25,22.00,20.10,21.70,+1.40,"12,814"
1909　榮成,106/01/11,"24,418,420","517,309,429",21.40,21.75,20.80,20.80,-0.90,"6,727"
1909　榮成,106/01/12,"18,739,681","391,830,690",20.90,21.30,20.55,20.60,-0.20,"4,870"
1909　榮成,106/01/13,"51,646,193","1,063,940,782",20.95,21.50,20.00,20.45,-0.15,"8,628"
1909　榮成,106/01/16,"30,407,841","635,425,358",20.50,21.20,20.40,20.95,+0.50,"8,036"
1909　榮成,106/01/17,"50,751,735","1,115,500,602",21.30,22.90,21.20,22.35,+1.40,"13,967"
1909　榮成,106/01/18,"38,355,785","878,485,505",22.60,23.25,22.35,23.10,+0.75,"10,943"
1909　榮成,106/01/19,"20,849,935","473,895,718",23.25,23.25,22.35,22.60,-0.50,"5,807"
1909　榮成,106/01/20,"37,493,782","887,176,769",22.60,24.10,22.50,23.80,+1.20,"11,041"
1909　榮成,106/01/23,"32,168,979","781,229,052",24.00,24.70,23.65,24.55,+0.75,"9,423"
1909　榮成,106/01/24,"38,626,948","954,423,757",24.50,25.30,23.80,24.60,+0.05,"9,930"
1909　榮成,106/02/02,"25,776,701","628,063,360",24.80,25.20,24.20,24.60, 0.00,"6,123"
1909　榮成,106/02/03,"19,731,436","476,133,552",24.60,24.75,23.90,24.30,-0.30,"5,424"
1909　榮成,106/02/06,"22,575,673","566,884,176",24.30,25.60,24.10,25.40,+1.10,"6,950"
1909　榮成,106/02/07,"20,186,153","506,905,159",25.40,25.75,24.40,24.90,-0.50,"5,433"
1909　榮成,106/02/08,"9,506,983","234,864,114",25.00,25.00,24.55,24.60,-0.30,"2,904"
1909　榮成,106/02/09,"6,716,349","181,677,158",27.05,27.05,27.05,27.05,+2.45,"2,180"
1909　榮成,106/02/10,"61,783,108","1,807,408,635",28.60,29.75,28.40,29.70,+2.65,"13,732"
1909　榮成,106/02/13,"20,432,494","604,243,230",29.20,30.05,29.10,29.90,+0.20,"6,830"
1909　榮成,106/02/14,"14,814,305","439,247,845",30.30,30.30,29.20,29.20,-0.70,"5,083"
1909　榮成,106/02/15,"21,317,921","626,308,950",29.20,29.95,28.90,28.90,-0.30,"6,623"
1909　榮成,106/02/16,"17,458,456","503,986,482",28.90,29.60,28.40,29.60,+0.70,"5,252"
1909　榮成,106/02/17,"30,016,211","883,206,596",29.65,30.45,28.80,29.00,-0.60,"8,877"
1909　榮成,106/02/18,"16,054,802","467,663,936",29.30,29.70,28.65,29.05,+0.05,"5,613"
1909　榮成,106/02/20,"11,487,076","333,884,204",29.40,29.45,28.80,29.15,+0.10,"6,698"
1909　榮成,106/02/21,"24,208,833","719,623,200",29.90,30.50,29.20,29.20,+0.05,"6,970"
1909　榮成,106/02/22,"26,065,141","782,752,411",29.40,30.90,29.10,30.75,+1.55,"8,013"
1909　榮成,106/02/23,"19,705,705","600,292,850",31.10,31.50,29.90,30.00,-0.75,"5,972"
1909　榮成,106/02/24,"9,835,503","294,980,800",30.30,30.50,29.80,29.85,-0.15,"2,913"
1909　榮成,106/03/01,"20,275,189","626,302,602",30.35,31.50,30.05,31.35,+1.50,"6,374"
1909　榮成,106/03/02,"27,585,871","888,474,216",31.40,32.95,31.05,32.95,+1.60,"9,078"
1909　榮成,106/03/03,"38,322,533","1,296,462,012",32.95,34.35,32.70,34.00,+1.05,"12,618"
1909　榮成,106/03/06,"15,655,509","520,197,697",33.90,33.90,32.70,33.05,-0.95,"5,504"
1909　榮成,106/03/07,"10,447,199","346,873,365",33.10,33.70,32.90,33.10,+0.05,"3,894"
1909　榮成,106/03/08,"14,126,265","454,455,123",33.20,33.30,31.65,32.45,-0.65,"5,606"
1909　榮成,106/03/09,"38,079,183","1,223,462,093",33.70,34.05,30.30,30.50,-1.95,"12,448"
1909　榮成,106/03/10,"30,619,156","911,444,059",29.50,30.65,29.05,30.45,-0.05,"9,555"
1909　榮成,106/03/13,"12,768,088","388,266,143",30.65,30.90,29.90,29.90,-0.55,"4,337"
1909　榮成,106/03/14,"34,808,417","997,936,507",29.50,29.50,27.70,28.80,-1.10,"11,913"
1909　榮成,106/03/15,"11,619,297","332,908,319",28.95,29.25,28.35,28.55,-0.25,"4,386"
1909　榮成,106/03/16,"9,485,440","273,323,991",28.80,29.20,28.40,28.70,+0.15,"3,726"
1909　榮成,106/03/17,"12,840,838","374,682,922",28.85,29.65,28.80,29.20,+0.50,"4,475"
1909　榮成,106/03/20,"7,103,965","203,580,833",29.20,29.20,28.40,28.50,-0.70,"2,721"
1909　榮成,106/03/21,"6,367,577","180,223,606",28.70,28.70,28.10,28.20,-0.30,"2,571"
1909　榮成,106/03/22,"13,615,703","385,882,938",28.20,28.85,27.90,28.00,-0.20,"5,308"
1909　榮成,106/03/23,"12,103,769","333,224,429",28.20,28.20,27.25,27.25,-0.75,"4,631"
1909　榮成,106/03/24,"7,461,387","205,689,702",27.35,27.80,27.30,27.75,+0.50,"2,824"
1909　榮成,106/03/27,"12,784,614","345,035,841",27.80,27.80,26.35,26.55,-1.20,"4,313"
1909　榮成,106/03/28,"10,732,759","286,271,846",26.55,27.10,26.20,26.45,-0.10,"4,205"
1909　榮成,106/03/29,"12,222,313","316,974,320",26.55,26.70,25.60,25.70,-0.75,"4,164"
1909　榮成,106/03/30,"11,515,720","291,807,581",25.70,25.75,25.15,25.20,-0.50,"3,947"
1909　榮成,106/03/31,"14,558,684","379,831,905",25.40,26.45,25.40,26.15,+0.95,"5,639"
1909　榮成,106/04/05,"7,933,379","206,002,393",26.35,26.40,25.60,25.75,-0.40,"3,133"
1909　榮成,106/04/06,"10,917,227","288,021,691",25.75,26.90,25.65,26.75,+1.00,"4,255"
1909　榮成,106/04/07,"9,187,880","247,006,641",26.85,27.25,26.40,26.75, 0.00,"3,273"
1909　榮成,106/04/10,"8,448,152","229,347,243",27.30,27.45,26.80,26.80,+0.05,"3,305"
1909　榮成,106/04/11,"5,689,685","152,013,400",27.10,27.15,26.30,26.30,-0.50,"2,149"
1909　榮成,106/04/12,"5,990,042","155,804,438",26.30,26.35,25.70,26.35,+0.05,"2,223"
1909　榮成,106/04/13,"5,408,169","140,159,128",26.25,26.30,25.65,25.65,-0.70,"2,231"
1909　榮成,106/04/14,"9,701,005","242,852,264",25.35,25.50,24.65,24.65,-1.00,"3,383"
1909　榮成,106/04/17,"10,427,138","252,075,917",24.80,25.10,23.75,24.00,-0.65,"3,146"
1909　榮成,106/04/18,"8,715,128","217,340,259",24.45,25.20,24.40,25.15,+1.15,"2,933"
1909　榮成,106/04/19,"9,495,678","239,764,447",25.00,25.85,24.70,25.15, 0.00,"3,424"
1909　榮成,106/04/20,"5,397,728","135,187,184",25.10,25.50,24.70,24.90,-0.25,"1,850"
1909　榮成,106/04/21,"7,588,160","194,714,107",25.35,25.90,25.25,25.75,+0.85,"3,351"
1909　榮成,106/04/24,"32,596,243","895,008,009",26.30,28.30,26.00,28.30,+2.55,"10,896"
1909　榮成,106/04/25,"27,927,674","788,952,089",28.30,28.85,27.70,28.05,-0.25,"9,815"
1909　榮成,106/04/26,"10,317,553","288,873,684",28.05,28.30,27.75,27.90,-0.15,"3,425"
1909　榮成,106/04/27,"10,892,714","305,245,362",28.00,28.60,27.70,27.70,-0.20,"3,979"
1909　榮成,106/04/28,"11,638,264","317,382,421",28.00,28.00,26.85,27.20,-0.50,"4,981"
1909　榮成,106/05/02,"5,228,413","143,052,706",27.45,27.70,27.10,27.25,+0.05,"1,991"
1909　榮成,106/05/03,"8,431,350","233,723,371",27.40,27.95,27.35,27.60,+0.35,"2,781"
1909　榮成,106/05/04,"4,794,621","132,227,361",27.90,27.95,27.40,27.50,-0.10,"1,884"
1909　榮成,106/05/05,"4,894,111","133,291,158",27.50,27.50,27.00,27.30,-0.20,"1,728"
1909　榮成,106/05/08,"4,065,506","111,483,610",27.40,27.65,27.05,27.55,+0.25,"1,745"
1909　榮成,106/05/09,"11,156,444","307,076,738",28.00,28.30,26.80,26.80,-0.75,"3,949"
1909　榮成,106/05/10,"18,343,983","513,535,147",26.80,28.80,26.75,28.60,+1.80,"6,467"
1909　榮成,106/05/11,"16,558,114","478,074,340",28.80,29.25,28.45,28.65,+0.05,"6,900"
1909　榮成,106/05/12,"10,716,973","308,386,316",28.35,29.20,28.05,28.80,+0.15,"4,254"
1909　榮成,106/05/15,"5,954,495","171,479,423",28.80,29.10,28.60,28.75,-0.05,"2,390"
1909　榮成,106/05/16,"16,935,719","499,787,567",28.70,30.00,28.70,29.75,+1.00,"6,388"
1909　榮成,106/05/17,"7,126,872","209,040,218",29.65,29.65,29.15,29.30,-0.45,"2,948"
1909　榮成,106/05/18,"6,966,507","199,573,517",28.70,28.90,28.35,28.80,-0.50,"2,805"
1909　榮成,106/05/19,"7,333,919","207,066,770",28.60,28.75,28.05,28.05,-0.75,"2,837"
1909　榮成,106/05/22,"6,589,597","184,506,334",28.15,28.40,27.55,27.85,-0.20,"2,993"
1909　榮成,106/05/23,"2,855,869","80,469,320",27.85,28.35,27.85,28.20,+0.35,"1,636"
1909　榮成,106/05/24,"3,267,352","92,288,816",28.35,28.45,28.05,28.20, 0.00,"1,793"
1909　榮成,106/05/25,"5,117,232","146,798,512",28.45,28.95,28.30,28.70,+0.50,"2,287"
1909　榮成,106/05/26,"3,030,894","86,418,228",28.70,28.80,28.25,28.35,-0.35,"1,206"
1909　榮成,106/05/31,"7,035,521","202,360,959",28.50,29.35,28.40,28.55,+0.20,"2,852"
1909　榮成,106/06/01,"4,848,327","139,889,383",28.65,29.20,28.40,29.05,+0.50,"2,025"
1909　榮成,106/06/02,"14,481,322","432,417,510",29.40,30.35,29.40,30.00,+0.95,"5,092"
1909　榮成,106/06/03,"9,625,718","293,530,176",30.50,30.80,30.20,30.70,+0.70,"3,662"
1909　榮成,106/06/05,"15,303,386","477,771,483",30.70,31.95,30.35,31.35,+0.65,"5,744"
1909　榮成,106/06/06,"20,777,952","666,362,404",31.90,32.75,31.45,31.80,+0.45,"7,678"
1909　榮成,106/06/07,"20,178,537","660,382,639",32.40,33.10,32.25,33.10,+1.30,"7,420"
1909　榮成,106/06/08,"15,907,344","527,020,901",33.30,33.65,32.60,32.90,-0.20,"6,232"
1909　榮成,106/06/09,"7,716,730","254,039,383",32.95,33.45,32.65,33.00,+0.10,"3,127"
1909　榮成,106/06/12,"15,885,520","534,087,046",33.00,34.20,32.90,33.45,+0.45,"5,721"
1909　榮成,106/06/13,"14,982,795","483,535,338",33.40,33.50,31.25,31.55,-1.90,"6,017"
1909　榮成,106/06/14,"12,175,936","390,083,073",31.80,32.50,31.55,32.50,+0.95,"4,957"
1909　榮成,106/06/15,"25,156,173","848,225,816",32.25,34.80,32.15,34.80,+2.30,"10,597"
1909　榮成,106/06/16,"28,173,111","987,605,924",34.70,35.85,34.00,34.95,+0.15,"10,198"
1909　榮成,106/06/19,"8,549,610","295,011,649",34.70,34.95,34.25,34.50,-0.45,"4,725"
1909　榮成,106/06/20,"8,621,858","298,759,899",34.55,35.25,34.20,34.35,-0.15,"3,997"
1909　榮成,106/06/21,"11,689,585","399,922,365",34.25,34.95,33.50,34.95,+0.60,"5,267"
1909　榮成,106/06/22,"11,441,541","403,594,165",35.25,35.70,34.75,35.00,+0.05,"5,654"
1909　榮成,106/06/23,"7,168,585","251,410,955",34.90,35.50,34.70,34.80,-0.20,"2,892"
1909　榮成,106/06/26,"4,861,985","168,413,869",34.85,34.90,34.45,34.55,-0.25,"2,074"
1909　榮成,106/06/27,"8,742,668","297,839,276",34.75,34.75,33.75,33.90,-0.65,"3,749"
1909　榮成,106/06/28,"7,855,352","261,912,805",33.85,33.90,32.95,33.20,-0.70,"3,908"
1909　榮成,106/06/29,"6,309,710","212,681,157",33.45,34.20,33.30,33.40,+0.20,"3,559"
1909　榮成,106/06/30,"6,367,435","214,113,112",33.50,34.10,33.00,34.10,+0.70,"2,229"
1909　榮成,106/07/03,"7,797,655","268,011,539",33.80,34.60,33.80,34.50,+0.40,"3,091"
1909　榮成,106/07/04,"9,616,346","334,468,424",34.60,35.20,34.30,34.80,+0.30,"3,190"
1909　榮成,106/07/05,"6,149,433","212,971,680",35.20,35.30,34.20,34.70,-0.10,"2,555"
1909　榮成,106/07/06,"5,449,552","186,873,166",34.80,34.80,33.75,34.30,-0.40,"2,378"
1909　榮成,106/07/07,"18,044,538","635,611,866",34.90,35.65,34.60,35.00,+0.70,"6,268"
1909　榮成,106/07/10,"9,433,321","316,967,381",33.80,33.95,33.10,33.15,X0.00,"3,475"
1909　榮成,106/07/11,"5,182,764","169,892,485",33.30,33.30,32.60,32.70,-0.45,"2,215"
1909　榮成,106/07/12,"5,826,092","194,804,906",32.60,34.05,32.60,34.05,+1.35,"2,617"
1909　榮成,106/07/13,"6,192,577","212,028,303",34.05,34.50,33.70,34.40,+0.35,"2,307"
1909　榮成,106/07/14,"14,069,110","496,927,378",34.50,35.80,34.20,35.60,+1.20,"5,817"
1909　榮成,106/07/17,"8,728,868","315,874,716",36.30,36.90,35.60,35.80,+0.20,"3,650"
1909　榮成,106/07/18,"5,864,419","208,679,120",35.80,36.20,35.25,35.40,-0.40,"2,423"
1909　榮成,106/07/19,"6,009,199","213,116,967",35.50,36.05,34.95,35.15,-0.25,"2,842"
1909　榮成,106/07/20,"4,636,537","163,562,364",35.55,35.65,35.15,35.20,+0.05,"1,629"
1909　榮成,106/07/21,"7,494,943","258,031,891",35.25,35.25,34.10,34.30,-0.90,"3,190"
1909　榮成,106/07/24,"6,569,839","230,237,573",34.25,35.55,34.25,34.85,+0.55,"2,584"
1909　榮成,106/07/25,"3,081,347","107,741,914",35.40,35.40,34.70,34.80,-0.05,"1,370"
1909　榮成,106/07/26,"5,215,503","183,111,750",34.85,35.60,34.50,35.35,X0.00,"2,138"
1909　榮成,106/07/27,"11,460,304","414,966,086",35.60,37.00,35.15,35.90,+0.55,"4,822"
1909　榮成,106/07/28,"5,381,325","194,226,877",36.00,36.75,35.50,35.50,-0.40,"2,750"
1909　榮成,106/07/31,"20,093,274","750,834,362",35.70,38.55,35.70,38.00,+2.50,"8,610"
1909　榮成,106/08/01,"25,838,486","1,023,246,612",38.45,40.40,38.45,39.95,+1.95,"11,025"
1909　榮成,106/08/02,"13,389,319","537,340,044",40.05,40.80,39.35,39.90,-0.05,"6,277"
1909　榮成,106/08/03,"6,906,594","272,711,936",39.95,40.05,39.15,39.25,-0.65,"3,422"
1909　榮成,106/08/04,"13,403,720","542,306,509",39.30,41.20,39.30,39.90,+0.65,"6,217"
1909　榮成,106/08/07,"5,367,502","214,048,608",39.95,40.20,39.55,39.90, 0.00,"2,380"
1909　榮成,106/08/08,"14,050,199","573,850,184",39.90,41.70,39.90,40.25,+0.35,"6,025"
1909　榮成,106/08/09,"9,089,924","363,698,085",40.25,40.90,39.15,40.30,+0.05,"4,336"
1909　榮成,106/08/10,"9,589,854","376,365,215",40.65,40.65,38.70,38.80,-1.50,"4,106"
1909　榮成,106/08/11,"8,300,841","327,890,052",38.10,40.10,38.10,39.50,+0.70,"3,741"
1909　榮成,106/08/14,"7,812,755","307,013,978",40.00,40.15,38.30,38.40,-1.10,"3,329"
1909　榮成,106/08/15,"8,471,089","334,926,752",39.00,40.20,38.85,39.90,+1.50,"3,453"
1909　榮成,106/08/16,"19,651,164","820,614,069",40.50,43.10,40.30,42.25,+2.35,"8,665"
1909　榮成,106/08/17,"9,548,020","405,300,407",42.80,43.20,41.90,41.95,-0.30,"4,831"
1909　榮成,106/08/18,"4,882,851","203,275,261",41.60,42.20,41.10,41.80,-0.15,"2,528"
1909　榮成,106/08/21,"5,975,667","249,854,485",42.10,42.60,41.25,41.25,-0.55,"2,845"
1909　榮成,106/08/22,"6,256,493","258,841,166",41.60,41.85,41.05,41.25, 0.00,"3,246"
1909　榮成,106/08/23,"12,922,779","553,446,309",42.25,43.50,41.90,42.60,+1.35,"6,498"
1909　榮成,106/08/24,"20,968,714","934,724,667",43.30,45.65,43.00,44.40,+1.80,"10,044"
1909　榮成,106/08/25,"6,887,277","303,730,072",44.65,45.10,43.70,43.80,-0.60,"3,421"
1909　榮成,106/08/28,"4,359,044","192,784,808",43.70,44.90,43.70,44.30,+0.50,"2,275"
1909　榮成,106/08/29,"3,138,560","137,414,398",44.30,44.35,43.60,43.70,-0.60,"1,697"
1909　榮成,106/08/30,"7,951,032","356,012,681",44.60,45.40,44.20,44.50,+0.80,"4,160"
1909　榮成,106/08/31,"4,812,258","214,541,342",44.70,45.15,44.25,44.25,-0.25,"2,287"
1909　榮成,106/09/01,"6,353,995","286,022,246",44.45,45.60,44.20,45.00,+0.75,"3,205"
1909　榮成,106/09/04,"3,131,790","139,761,870",44.95,45.10,44.20,44.60,-0.40,"1,549"
1909　榮成,106/09/05,"8,488,109","390,298,731",44.80,46.80,44.75,46.35,+1.75,"4,639"
1909　榮成,106/09/06,"12,631,473","585,605,859",47.10,47.80,45.15,45.45,-0.90,"5,771"
1909　榮成,106/09/07,"9,964,122","460,511,810",46.30,47.20,45.35,46.30,+0.85,"4,699"
1909　榮成,106/09/08,"6,249,632","292,939,022",47.00,47.35,46.35,46.40,+0.10,"2,912"
1909　榮成,106/09/11,"10,663,069","512,759,865",47.00,48.95,46.90,48.80,+2.40,"5,558"
1909　榮成,106/09/12,"19,218,996","969,012,303",49.80,52.40,48.40,49.55,+0.75,"9,821"
1909　榮成,106/09/13,"9,577,173","484,002,920",49.85,51.70,49.60,50.50,+0.95,"4,926"
1909　榮成,106/09/14,"10,276,840","523,243,198",51.00,52.10,50.00,50.70,+0.20,"5,193"
1909　榮成,106/09/15,"10,231,290","516,649,073",51.00,51.40,49.55,51.40,+0.70,"3,807"
1909　榮成,106/09/18,"6,692,535","341,746,004",51.50,51.80,50.40,50.50,-0.90,"4,119"
1909　榮成,106/09/19,"6,390,541","322,054,366",50.90,51.50,49.50,49.60,-0.90,"2,895"
1909　榮成,106/09/20,"11,245,748","542,534,304",49.30,49.55,47.55,48.10,-1.50,"5,787"
1909　榮成,106/09/21,"8,906,674","443,724,010",48.20,51.00,48.20,51.00,+2.90,"4,141"
1909　榮成,106/09/22,"6,032,374","303,655,390",51.00,51.10,49.90,50.50,-0.50,"3,092"
1909　榮成,106/09/25,"8,330,283","422,340,587",51.00,51.80,49.30,51.50,+1.00,"4,437"
1909　榮成,106/09/26,"20,925,935","1,019,571,530",51.10,51.10,46.35,46.60,-4.90,"9,836"
1909　榮成,106/09/27,"14,231,651","674,262,305",46.10,48.55,46.10,47.70,+1.10,"7,034"
1909　榮成,106/09/28,"4,954,663","237,322,544",48.50,48.50,47.25,47.60,-0.10,"2,661"
1909　榮成,106/09/29,"15,110,196","680,663,408",47.35,47.40,43.40,44.80,-2.80,"6,857"
1909　榮成,106/09/30,"5,156,098","234,516,986",45.45,46.30,44.80,45.45,+0.65,"2,704"
1909　榮成,106/10/02,"10,271,973","488,184,043",45.95,48.55,45.90,47.80,+2.35,"5,450"
1909　榮成,106/10/03,"6,573,366","309,270,322",47.20,47.65,46.50,47.10,-0.70,"3,509"
1909　榮成,106/10/05,"4,959,608","236,715,899",47.35,48.30,47.10,48.00,+0.90,"2,488"
1909　榮成,106/10/06,"19,725,158","936,805,695",49.45,49.45,46.10,46.25,-1.75,"10,257"
1909　榮成,106/10/11,"21,599,034","969,598,778",46.90,46.90,43.95,44.40,-1.85,"8,954"
1909　榮成,106/10/12,"14,557,232","635,607,126",44.60,44.90,43.05,43.75,-0.65,"7,263"
1909　榮成,106/10/13,"10,338,386","464,214,352",44.00,45.55,43.85,45.30,+1.55,"5,803"
1909　榮成,106/10/16,"8,827,112","397,250,492",45.55,45.70,44.45,44.80,-0.50,"3,925"
1909　榮成,106/10/17,"6,891,584","306,207,157",45.00,45.20,43.95,44.05,-0.75,"3,801"
1909　榮成,106/10/18,"8,962,867","387,597,231",44.30,44.35,42.80,42.95,-1.10,"4,585"
1909　榮成,106/10/19,"13,786,208","588,836,850",43.20,43.60,42.25,42.45,-0.50,"6,746"
1909　榮成,106/10/20,"17,279,666","713,209,554",42.05,42.05,41.00,41.10,-1.35,"6,808"
1909　榮成,106/10/23,"16,396,150","697,915,456",41.75,43.45,41.15,43.15,+2.05,"8,818"
1909　榮成,106/10/24,"16,209,807","718,495,853",43.70,44.85,43.65,44.20,+1.05,"7,719"
1909　榮成,106/10/25,"7,955,346","346,561,593",44.10,44.10,43.20,43.50,-0.70,"4,305"
1909　榮成,106/10/26,"7,236,289","313,175,074",43.05,43.80,42.65,43.25,-0.25,"3,655"
1909　榮成,106/10/27,"7,288,150","315,807,942",43.60,44.25,42.25,42.25,-1.00,"3,852"
1909　榮成,106/10/30,"5,111,079","218,721,918",43.40,43.40,42.05,42.80,+0.55,"2,838"
1909　榮成,106/10/31,"8,905,091","391,404,309",43.00,44.50,42.80,44.40,+1.60,"4,685"
1909　榮成,106/11/01,"7,513,161","334,207,193",44.55,44.95,44.10,44.60,+0.20,"3,124"
1909　榮成,106/11/02,"7,886,019","354,541,887",44.95,45.45,44.60,44.70,+0.10,"3,599"
1909　榮成,106/11/03,"6,084,492","270,650,120",45.30,45.30,43.85,43.90,-0.80,"2,761"
1909　榮成,106/11/06,"8,163,744","349,235,431",44.20,44.40,42.10,42.80,-1.10,"3,821"
1909　榮成,106/11/07,"16,876,862","760,512,590",44.30,46.20,43.95,45.00,+2.20,"7,974"
1909　榮成,106/11/08,"8,692,098","390,691,051",45.85,45.85,44.20,44.65,-0.35,"3,982"
1909　榮成,106/11/09,"9,672,416","419,014,642",44.50,44.80,42.60,42.75,-1.90,"4,640"
1909　榮成,106/11/10,"6,140,561","262,618,198",42.75,43.20,42.35,42.80,+0.05,"2,889"
1909　榮成,106/11/13,"3,902,207","167,674,588",43.50,43.50,42.75,42.80, 0.00,"1,892"
1909　榮成,106/11/14,"4,689,102","198,148,050",42.90,43.15,41.30,42.30,-0.50,"2,425"
1909　榮成,106/11/15,"3,718,124","158,346,718",42.05,43.15,42.05,43.15,+0.85,"2,037"
1909　榮成,106/11/16,"3,492,228","148,637,790",43.15,43.15,42.30,42.70,-0.45,"1,804"
1909　榮成,106/11/17,"4,630,823","195,859,939",42.80,42.95,41.80,41.80,-0.90,"2,203"
1909　榮成,106/11/20,"10,509,187","429,325,508",41.80,42.10,40.10,40.80,-1.00,"5,328"
1909　榮成,106/11/21,"6,108,011","248,230,483",41.00,41.20,40.35,40.50,-0.30,"3,528"
1909　榮成,106/11/22,"12,925,213","542,767,036",40.95,43.40,40.50,42.25,+1.75,"6,477"
1909　榮成,106/11/23,"4,993,490","210,056,045",42.15,42.60,41.85,41.85,-0.40,"2,203"
1909　榮成,106/11/24,"2,903,076","122,290,041",41.90,42.45,41.65,42.20,+0.35,"1,268"
1909　榮成,106/11/27,"6,832,145","290,637,403",42.20,43.20,41.45,42.10,-0.10,"2,718"
1909　榮成,106/11/28,"7,271,493","303,907,804",42.40,42.75,41.30,41.45,-0.65,"3,031"
1909　榮成,106/11/29,"8,650,582","353,114,558",41.45,41.50,40.50,40.75,-0.70,"4,039"
1909　榮成,106/11/30,"10,640,101","425,913,462",40.20,41.00,39.25,41.00,+0.25,"4,369"
1909　榮成,106/12/01,"11,583,855","484,512,182",41.05,42.40,40.95,41.95,+0.95,"5,620"
1909　榮成,106/12/04,"7,383,644","315,658,905",42.60,43.20,42.05,42.80,+0.85,"3,946"
1909　榮成,106/12/05,"4,131,037","175,752,504",43.00,43.00,42.10,42.25,-0.55,"2,010"
1909　榮成,106/12/06,"18,153,743","717,026,643",39.80,40.40,38.25,38.70,-3.55,"7,573"
1909　榮成,106/12/07,"13,362,846","503,015,448",38.40,38.40,37.00,37.85,-0.85,"5,328"
1909　榮成,106/12/08,"4,963,377","192,166,503",38.30,39.40,38.15,38.80,+0.95,"2,315"
1909　榮成,106/12/11,"3,172,774","124,910,693",39.05,40.00,38.95,39.35,+0.55,"1,705"
1909　榮成,106/12/12,"2,722,407","107,845,226",39.50,40.00,39.35,39.50,+0.15,"1,362"
1909　榮成,106/12/13,"6,649,473","257,591,588",39.70,39.95,37.90,38.75,-0.75,"3,128"
1909　榮成,106/12/14,"4,710,074","181,642,296",38.80,39.00,38.30,38.50,-0.25,"2,646"
1909　榮成,106/12/15,"19,617,279","742,150,413",38.85,39.40,36.55,38.60,+0.10,"6,803"
1909　榮成,106/12/18,"8,393,237","320,796,722",38.40,39.25,37.65,37.85,-0.75,"4,500"
1909　榮成,106/12/19,"5,415,344","202,937,846",38.15,38.20,37.10,37.35,-0.50,"2,361"
1909　榮成,106/12/20,"3,117,638","117,828,530",37.50,38.20,37.45,38.15,+0.80,"1,746"
1909　榮成,106/12/21,"11,696,230","459,816,604",38.20,40.20,37.95,39.40,+1.25,"5,690"
1909　榮成,106/12/22,"8,008,128","321,204,799",39.90,40.80,39.40,40.30,+0.90,"4,224"
1909　榮成,106/12/25,"3,888,373","155,556,780",40.50,40.70,39.70,40.00,-0.30,"1,776"
1909　榮成,106/12/26,"3,416,375","136,688,365",39.85,40.30,39.85,40.00, 0.00,"1,878"
1909　榮成,106/12/27,"9,242,229","381,296,145",40.40,41.90,40.40,41.50,+1.50,"4,598"
1909　榮成,106/12/28,"7,297,474","301,628,868",41.85,42.10,40.90,41.40,-0.10,"3,049"
1909　榮成,106/12/29,"8,820,504","368,793,403",41.65,42.15,41.25,41.85,+0.45,"3,003"
1909　榮成,107/01/02,"3,122,748","130,331,245",42.45,42.45,41.45,41.45,-0.40,"1,567"
1909　榮成,107/01/03,"3,985,909","163,536,160",41.60,41.70,40.70,40.95,-0.50,"1,762"
1909　榮成,107/01/04,"4,689,648","190,420,822",40.90,41.05,40.20,40.25,-0.70,"2,047"
1909　榮成,107/01/05,"6,945,083","284,463,538",40.35,41.60,40.35,41.50,+1.25,"3,018"
1909　榮成,107/01/08,"24,872,227","960,477,075",40.20,40.20,37.95,38.00,-3.50,"10,005"
1909　榮成,107/01/09,"11,179,917","427,571,679",37.15,39.00,37.15,38.00, 0.00,"5,359"
1909　榮成,107/01/10,"10,717,401","402,213,030",38.70,38.70,37.15,37.25,-0.75,"5,836"
1909　榮成,107/01/11,"6,845,296","252,601,904",37.50,37.50,36.55,36.70,-0.55,"3,327"
1909　榮成,107/01/12,"4,413,873","164,196,943",37.00,37.40,36.90,37.20,+0.50,"2,151"
1909　榮成,107/01/15,"3,992,881","149,651,236",37.50,37.70,37.15,37.70,+0.50,"1,962"
1909　榮成,107/01/16,"4,738,693","179,584,434",37.80,38.25,37.45,37.95,+0.25,"2,215"
1909　榮成,107/01/17,"3,886,974","147,179,105",38.00,38.05,37.65,37.75,-0.20,"1,873"
1909　榮成,107/01/18,"3,276,728","124,275,822",38.00,38.20,37.70,37.75, 0.00,"1,436"
1909　榮成,107/01/19,"20,321,868","732,553,314",36.70,37.10,35.30,36.45,-1.30,"8,356"
1909　榮成,107/01/22,"4,235,021","152,154,791",36.25,36.25,35.50,36.10,-0.35,"2,311"
1909　榮成,107/01/23,"5,242,876","188,709,386",36.20,36.30,35.65,36.00,-0.10,"2,094"
1909　榮成,107/01/24,"3,834,867","137,140,812",35.80,36.00,35.60,36.00, 0.00,"1,553"
1909　榮成,107/01/25,"2,933,291","104,721,873",36.10,36.10,35.45,35.45,-0.55,"1,391"
1909　榮成,107/01/26,"4,307,244","152,034,790",35.50,35.75,35.00,35.00,-0.45,"1,944"
1909　榮成,107/01/29,"10,299,826","350,975,632",34.80,35.00,33.65,33.70,-1.30,"4,427"
1909　榮成,107/01/30,"3,803,987","129,859,808",33.70,34.45,33.65,33.90,+0.20,"1,909"
1909　榮成,107/01/31,"5,427,689","181,902,492",33.95,34.00,33.00,33.40,-0.50,"2,194"
1909　榮成,107/02/01,"4,560,634","156,865,169",33.55,34.75,33.50,34.50,+1.10,"2,244"
1909　榮成,107/02/02,"4,244,210","148,484,462",34.60,35.30,34.60,34.80,+0.30,"2,065"
1909　榮成,107/02/05,"2,023,566","68,898,344",34.10,34.40,33.70,34.20,-0.60,"1,050"
1909　榮成,107/02/06,"8,529,208","272,018,656",33.15,33.35,30.80,31.20,-3.00,"3,319"
1909　榮成,107/02/07,"3,315,454","105,935,407",32.10,32.60,31.60,31.65,+0.45,"1,911"
1909　榮成,107/02/08,"2,465,254","78,423,937",31.70,32.15,31.20,32.05,+0.40,"1,314"
1909　榮成,107/02/09,"2,965,341","90,978,154",30.20,31.80,29.50,31.55,-0.50,"1,430"
1909　榮成,107/02/12,"2,262,146","70,830,599",31.55,31.95,31.05,31.05,-0.50,"1,265"
1909　榮成,107/02/21,"3,966,433","127,420,388",31.30,32.80,31.30,32.40,+1.35,"2,058"
1909　榮成,107/02/22,"1,793,972","57,944,889",32.00,32.65,32.00,32.35,-0.05,966
1909　榮成,107/02/23,"7,492,571","254,929,490",32.75,34.70,32.40,34.70,+2.35,"3,490"
1909　榮成,107/02/26,"15,110,574","559,993,488",37.80,37.80,36.50,37.00,+2.30,"7,689"
1909　榮成,107/02/27,"7,872,286","288,577,515",37.00,37.10,36.10,36.55,-0.45,"4,161"
1909　榮成,107/03/01,"8,491,821","315,801,264",36.95,37.45,36.70,37.35,+0.80,"3,987"
1909　榮成,107/03/02,"5,798,415","217,527,101",37.30,38.20,36.80,37.65,+0.30,"2,961"
1909　榮成,107/03/05,"6,727,893","250,880,523",38.10,38.40,36.15,36.15,-1.50,"3,471"
1909　榮成,107/03/06,"9,875,276","349,831,536",34.10,36.60,34.05,36.10,-0.05,"4,549"
1909　榮成,107/03/07,"3,618,105","131,073,937",35.70,36.60,35.70,36.10, 0.00,"1,933"
1909　榮成,107/03/08,"1,953,730","71,445,963",36.50,37.00,36.25,36.50,+0.40,"1,205"
1909　榮成,107/03/09,"3,427,954","126,660,399",36.60,37.30,36.50,36.80,+0.30,"1,630"
1909　榮成,107/03/12,"5,644,379","212,132,005",37.40,37.80,37.20,37.60,+0.80,"2,793"
1909　榮成,107/03/13,"4,445,722","168,033,990",37.80,38.10,37.35,37.60, 0.00,"2,768"
1909　榮成,107/03/14,"2,425,206","91,295,137",37.50,37.90,37.35,37.75,+0.15,"1,554"
1909　榮成,107/03/15,"2,598,714","97,324,824",37.50,37.70,37.00,37.25,-0.50,"1,487"
1909　榮成,107/03/16,"2,489,298","92,119,058",37.35,37.35,36.65,36.65,-0.60,"1,092"
1909　榮成,107/03/19,"2,448,277","88,570,905",36.70,36.85,35.80,36.00,-0.65,"1,302"
1909　榮成,107/03/20,"3,063,965","108,066,012",35.85,35.85,34.70,35.15,-0.85,"1,567"
1909　榮成,107/03/21,"4,978,664","171,974,411",35.25,35.25,34.15,34.25,-0.90,"2,831"
1909　榮成,107/03/22,"2,969,559","101,857,422",34.35,34.80,33.85,34.10,-0.15,"1,745"
1909　榮成,107/03/23,"4,774,744","157,827,016",33.00,33.55,32.60,32.85,-1.25,"2,354"
1909　榮成,107/03/26,"3,567,936","115,691,219",32.65,32.80,32.15,32.20,-0.65,"2,021"
1909　榮成,107/03/27,"2,089,100","68,596,684",32.95,33.00,32.70,32.80,+0.60,"1,628"
1909　榮成,107/03/28,"2,086,661","68,939,398",32.80,33.30,32.50,33.05,+0.25,"1,424"
1909　榮成,107/03/29,"1,549,447","51,276,257",33.55,33.55,32.80,32.80,-0.25,988
1909　榮成,107/03/30,"2,164,954","70,711,385",32.90,33.05,32.35,32.35,-0.45,985
1909　榮成,107/03/31,"729,515","23,720,478",32.50,32.75,32.35,32.60,+0.25,417
1909　榮成,107/04/02,"707,795","23,138,485",32.80,32.85,32.60,32.70,+0.10,492
1909　榮成,107/04/03,"881,385","28,658,005",32.50,32.75,32.35,32.75,+0.05,612
1909　榮成,107/04/09,"3,591,586","115,909,317",33.00,33.20,31.40,32.25,-0.50,"1,976"
1909　榮成,107/04/10,"12,095,384","417,291,432",32.85,35.45,32.40,35.45,+3.20,"5,172"
1909　榮成,107/04/11,"7,324,143","258,252,723",35.65,35.75,34.50,35.00,-0.45,"3,360"
1909　榮成,107/04/12,"3,215,675","114,185,356",34.90,35.90,34.90,35.50,+0.50,"1,698"
1909　榮成,107/04/13,"3,319,871","117,356,249",35.70,35.85,35.05,35.20,-0.30,"1,243"
1909　榮成,107/04/16,"3,035,595","105,296,125",35.20,35.20,34.40,34.95,-0.25,"1,606"
1909　榮成,107/04/17,"3,399,790","117,079,101",35.00,35.15,34.20,34.50,-0.45,"1,278"
1909　榮成,107/04/18,"2,940,406","101,053,790",34.30,34.95,34.00,34.50, 0.00,"1,383"
1909　榮成,107/04/19,"3,344,530","117,272,833",34.50,35.75,34.35,35.50,+1.00,"1,428"
1909　榮成,107/04/20,"12,314,013","455,997,918",35.20,38.35,34.95,37.20,+1.70,"5,252"
1909　榮成,107/04/23,"4,146,741","153,183,412",36.85,37.35,36.40,37.30,+0.10,"1,992"
1909　榮成,107/04/24,"3,577,302","131,198,324",37.20,37.25,36.05,37.00,-0.30,"1,657"
1909　榮成,107/04/25,"3,949,871","145,359,491",36.55,38.00,36.05,36.30,-0.70,"1,931"
1909　榮成,107/04/26,"3,140,927","111,525,424",36.35,36.50,34.85,35.00,-1.30,"1,507"
1909　榮成,107/04/27,"3,525,043","123,351,934",35.10,35.90,34.50,34.60,-0.40,"1,907"
1909　榮成,107/04/30,"1,596,327","55,802,127",34.70,35.30,34.60,34.75,+0.15,795
1909　榮成,107/05/02,"1,127,184","39,814,408",34.80,35.60,34.75,35.40,+0.65,663
1909　榮成,107/05/03,"2,272,891","80,374,364",35.45,35.90,34.70,35.70,+0.30,"1,336"
1909　榮成,107/05/04,"1,626,562","57,693,155",35.70,35.90,35.05,35.30,-0.40,951
1909　榮成,107/05/07,"4,040,386","142,933,960",36.10,36.25,34.60,34.60,-0.70,"2,060"
1909　榮成,107/05/08,"3,533,108","122,948,847",34.70,35.45,34.10,35.20,+0.60,"1,685"
1909　榮成,107/05/09,"2,999,682","105,494,620",35.60,35.75,34.85,35.00,-0.20,"1,510"
1909　榮成,107/05/10,"10,787,225","363,330,879",34.60,34.70,32.60,33.50,-1.50,"4,966"
1909　榮成,107/05/11,"4,330,144","148,581,814",33.60,34.70,33.50,34.65,+1.15,"2,171"
1909　榮成,107/05/14,"4,227,155","148,390,750",34.70,35.60,34.20,35.60,+0.95,"1,978"
1909　榮成,107/05/15,"2,634,727","92,667,383",35.30,35.90,34.65,34.70,-0.90,"1,343"
1909　榮成,107/05/16,"4,228,523","146,906,093",34.50,35.15,34.00,34.30,-0.40,"2,540"
1909　榮成,107/05/17,"3,820,086","129,189,024",34.30,34.55,33.60,33.85,-0.45,"2,097"
1909　榮成,107/05/18,"1,925,308","64,927,642",34.20,34.20,33.60,33.70,-0.15,"1,072"
1909　榮成,107/05/21,"2,032,700","68,401,847",33.55,33.85,33.50,33.60,-0.10,"1,265"
1909　榮成,107/05/22,"1,615,619","53,736,682",33.70,33.95,33.05,33.10,-0.50,938
1909　榮成,107/05/23,"5,907,106","192,129,123",33.10,33.10,32.20,32.40,-0.70,"3,773"
1909　榮成,107/05/24,"3,490,932","114,431,821",32.65,32.95,32.50,32.90,+0.50,"1,979"
1909　榮成,107/05/25,"2,761,428","90,969,106",32.90,33.15,32.65,32.75,-0.15,"1,478"
1909　榮成,107/05/28,"1,675,349","54,946,777",32.75,32.95,32.65,32.75, 0.00,889
1909　榮成,107/05/29,"2,749,630","89,343,419",32.75,32.75,32.40,32.50,-0.25,"1,342"
1909　榮成,107/05/30,"2,683,002","86,255,808",32.20,32.35,32.00,32.10,-0.40,"1,460"
1909　榮成,107/05/31,"4,999,815","163,467,545",32.10,33.25,32.00,33.25,+1.15,"2,223"
1909　榮成,107/06/01,"2,576,245","84,685,295",33.00,33.15,32.75,33.15,-0.10,"1,268"
1909　榮成,107/06/04,"3,222,761","108,125,873",33.15,34.05,33.05,33.95,+0.80,"1,834"
1909　榮成,107/06/05,"1,937,966","64,750,462",33.95,33.95,33.15,33.30,-0.65,"1,160"
1909　榮成,107/06/06,"2,920,047","97,601,008",33.70,33.75,33.15,33.35,+0.05,"1,590"
1909　榮成,107/06/07,"3,492,577","115,084,016",33.40,33.40,32.75,32.75,-0.60,"2,080"
1909　榮成,107/06/08,"2,176,299","71,078,569",32.85,33.05,32.25,32.30,-0.45,"1,198"
1909　榮成,107/06/11,"4,449,924","140,511,729",32.30,32.40,31.30,31.55,-0.75,"2,475"
1909　榮成,107/06/12,"1,621,878","51,316,727",31.70,31.85,31.45,31.65,+0.10,952
1909　榮成,107/06/13,"1,935,838","61,379,276",31.75,32.00,31.55,31.60,-0.05,"1,094"
1909　榮成,107/06/14,"4,141,035","128,018,035",31.60,31.60,30.65,30.65,-0.95,"2,216"
1909　榮成,107/06/15,"4,000,771","120,406,701",30.65,30.65,29.90,30.00,-0.65,"2,146"
1909　榮成,107/06/19,"5,636,057","163,774,753",29.60,29.90,28.80,28.80,-1.20,"3,131"
1909　榮成,107/06/20,"3,889,619","111,462,909",28.75,29.35,28.35,28.55,-0.25,"2,712"
1909　榮成,107/06/21,"3,168,484","90,395,262",28.80,28.90,28.40,28.40,-0.15,"1,677"
1909　榮成,107/06/22,"4,558,847","126,593,158",28.30,28.30,27.40,27.40,-1.00,"2,253"
1909　榮成,107/06/25,"4,760,026","129,478,888",27.40,27.80,26.85,26.85,-0.55,"2,431"
1909　榮成,107/06/26,"7,819,359","204,781,850",26.90,27.00,25.90,26.05,-0.80,"3,365"
1909　榮成,107/06/27,"6,494,614","173,113,105",26.60,26.95,26.30,26.40,+0.35,"3,235"
1909　榮成,107/06/28,"4,077,089","106,511,850",26.50,26.50,25.80,25.80,-0.60,"2,261"
1909　榮成,107/06/29,"4,198,802","108,823,258",26.05,26.05,25.80,26.00,+0.20,"2,074"
1909　榮成,107/07/02,"5,937,401","156,153,825",26.30,26.75,26.00,26.05,+0.05,"2,755"
1909　榮成,107/07/03,"6,705,500","171,744,247",26.35,26.35,25.25,25.25,-0.80,"2,894"
1909　榮成,107/07/04,"4,132,447","97,942,726",23.70,23.90,23.50,23.70,X0.00,"1,819"
1909　榮成,107/07/05,"2,732,577","63,988,081",23.75,23.80,23.00,23.05,-0.65,"1,472"
1909　榮成,107/07/06,"7,371,574","174,683,743",23.25,24.15,23.15,23.75,+0.70,"3,749"
1909　榮成,107/07/09,"10,654,958","265,237,643",24.15,25.45,24.00,24.90,+1.15,"5,411"
1909　榮成,107/07/10,"7,441,023","185,590,817",24.95,25.40,24.55,24.90, 0.00,"3,012"
1909　榮成,107/07/11,"3,333,716","82,194,788",24.80,24.85,24.50,24.60,-0.30,"1,767"
1909　榮成,107/07/12,"2,601,944","64,333,206",24.60,24.90,24.55,24.80,+0.20,"1,310"
1909　榮成,107/07/13,"3,058,309","76,550,599",25.10,25.20,24.90,25.15,+0.35,"1,552"
1909　榮成,107/07/16,"3,161,522","80,193,881",25.30,25.65,25.05,25.05,-0.10,"1,552"
1909　榮成,107/07/17,"2,790,401","68,943,150",25.05,25.05,24.50,24.50,-0.55,"1,451"
1909　榮成,107/07/18,"3,364,586","82,985,749",24.95,24.95,24.40,24.70,+0.20,"1,309"
1909　榮成,107/07/19,"1,881,846","46,424,089",24.85,24.85,24.50,24.60,-0.10,"1,037"
1909　榮成,107/07/20,"2,872,406","69,932,183",24.65,24.70,24.10,24.25,-0.35,"1,357"
1909　榮成,107/07/23,"2,406,754","57,644,315",24.35,24.45,23.75,23.85,-0.40,"1,156"
1909　榮成,107/07/24,"2,294,256","54,558,275",23.80,24.15,23.60,24.15,+0.30,"1,259"
1909　榮成,107/07/25,"4,768,672","117,107,122",24.45,24.90,24.20,24.80,+0.65,"2,506"
1909　榮成,107/07/26,"3,361,791","83,409,352",25.00,25.10,24.55,24.80, 0.00,"1,793"
1909　榮成,107/07/27,"3,639,853","91,106,999",24.90,25.20,24.80,25.10,+0.30,"2,012"
1909　榮成,107/07/30,"26,752,443","720,231,370",25.30,27.60,25.30,27.60,+2.50,"10,308"
1909　榮成,107/07/31,"23,596,397","641,416,104",27.95,27.95,26.70,26.90,-0.70,"9,752"
1909　榮成,107/08/01,"8,740,015","239,141,514",27.20,27.70,27.00,27.55,+0.65,"4,184"
1909　榮成,107/08/02,"7,427,640","200,343,022",27.65,27.65,26.70,26.70,-0.85,"3,726"
1909　榮成,107/08/03,"5,221,234","138,901,444",26.85,27.10,26.30,26.40,-0.30,"2,572"
1909　榮成,107/08/06,"7,968,379","215,438,570",26.60,27.40,26.55,26.75,+0.35,"3,710"
1909　榮成,107/08/07,"20,704,488","514,120,296",25.50,25.75,24.10,24.50,-2.25,"8,692"
1909　榮成,107/08/08,"4,346,667","105,736,338",24.50,24.55,24.20,24.25,-0.25,"2,066"
1909　榮成,107/08/09,"8,918,047","209,088,385",24.10,24.10,23.15,23.65,-0.60,"3,595"
1909　榮成,107/08/10,"4,575,824","108,338,778",23.50,24.00,23.40,23.50,-0.15,"2,147"
1909　榮成,107/08/13,"8,760,055","197,619,170",23.40,23.50,21.55,22.05,-1.45,"3,544"
1909　榮成,107/08/14,"4,925,898","107,736,221",21.95,22.25,21.60,22.20,+0.15,"2,258"
1909　榮成,107/08/15,"5,799,903","125,254,051",22.20,22.35,21.35,21.40,-0.80,"2,406"
1909　榮成,107/08/16,"5,270,314","110,261,049",20.90,21.25,20.55,21.20,-0.20,"2,308"
1909　榮成,107/08/17,"10,550,355","229,923,218",21.50,22.15,21.30,21.70,+0.50,"3,386"
1909　榮成,107/08/20,"5,446,436","119,956,731",21.70,22.30,21.60,22.05,+0.35,"1,832"
1909　榮成,107/08/21,"2,422,157","53,490,813",22.05,22.35,21.85,22.25,+0.20,"1,082"
1909　榮成,107/08/22,"2,872,730","63,826,923",22.25,22.40,22.05,22.20,-0.05,"1,260"
1909　榮成,107/08/23,"16,136,086","378,331,196",22.30,23.95,22.30,23.80,+1.60,"6,084"
1909　榮成,107/08/24,"6,377,635","148,256,372",23.40,23.70,22.95,23.00,-0.80,"2,751"
1909　榮成,107/08/27,"2,351,962","54,484,453",23.25,23.45,23.00,23.10,+0.10,"1,197"
1909　榮成,107/08/28,"1,535,238","35,577,352",23.35,23.35,23.05,23.05,-0.05,892
1909　榮成,107/08/29,"1,557,343","36,067,537",23.15,23.25,23.10,23.15,+0.10,801
1909　榮成,107/08/30,"1,842,124","42,747,975",23.20,23.35,23.10,23.10,-0.05,899
1909　榮成,107/08/31,"1,724,380","39,516,340",23.15,23.20,22.80,22.80,-0.30,819
1909　榮成,107/09/03,"2,704,252","62,521,517",22.90,23.35,22.85,23.05,+0.25,"1,231"
1909　榮成,107/09/04,"2,284,735","52,933,982",23.20,23.35,22.95,23.05, 0.00,852
1909　榮成,107/09/05,"1,885,218","43,073,863",23.10,23.20,22.60,22.70,-0.35,924
1909　榮成,107/09/06,"3,509,817","78,143,786",22.70,22.70,22.10,22.35,-0.35,"1,903"
1909　榮成,107/09/07,"4,669,033","101,202,056",22.25,22.25,21.20,21.40,-0.95,"2,126"
1909　榮成,107/09/10,"9,032,189","181,586,699",21.50,21.50,19.75,20.25,-1.15,"3,232"
1909　榮成,107/09/11,"7,389,671","148,784,151",20.25,20.55,19.85,20.50,+0.25,"2,068"
1909　榮成,107/09/12,"3,162,526","64,166,717",20.60,20.75,20.05,20.20,-0.30,"1,382"
1909　榮成,107/09/13,"3,036,570","61,551,773",20.25,20.40,20.15,20.25,+0.05,"1,423"
1909　榮成,107/09/14,"4,467,138","92,634,398",20.40,21.10,20.30,20.95,+0.70,"1,850"
1909　榮成,107/09/17,"5,776,607","123,304,450",21.10,21.85,20.85,21.70,+0.75,"2,277"
1909　榮成,107/09/18,"3,421,216","73,407,464",21.45,21.75,21.30,21.40,-0.30,"1,378"
1909　榮成,107/09/19,"5,047,740","111,370,651",21.85,22.45,21.60,22.05,+0.65,"2,336"
1909　榮成,107/09/20,"5,869,023","125,527,790",22.05,22.10,20.90,21.25,-0.80,"2,316"
1909　榮成,107/09/21,"2,549,554","54,175,602",21.05,21.45,21.05,21.35,+0.10,"1,247"
1909　榮成,107/09/25,"2,574,797","54,741,022",21.40,21.50,21.10,21.20,-0.15,"1,233"
1909　榮成,107/09/26,"2,551,564","54,786,375",21.20,21.75,21.05,21.40,+0.20,"1,181"
1909　榮成,107/09/27,"7,182,696","156,081,482",21.45,22.10,21.35,21.35,-0.05,"3,025"
1909　榮成,107/09/28,"3,388,111","71,855,568",21.55,21.55,21.05,21.15,-0.20,"1,786"
1909　榮成,107/10/01,"1,503,460","31,866,388",21.10,21.35,20.95,21.30,+0.15,809
1909　榮成,107/10/02,"1,766,934","37,592,630",21.35,21.40,21.10,21.15,-0.15,"1,032"
1909　榮成,107/10/03,"3,734,902","77,628,492",21.10,21.20,20.50,20.50,-0.65,"1,773"
1909　榮成,107/10/04,"2,566,320","52,216,237",20.55,20.65,20.15,20.30,-0.20,"1,246"
1909　榮成,107/10/05,"7,875,069","152,531,618",20.30,20.30,19.00,19.05,-1.25,"3,492"
1909　榮成,107/10/08,"5,841,215","108,973,410",18.90,18.95,18.45,18.65,-0.40,"2,123"
1909　榮成,107/10/09,"2,680,249","49,988,831",18.65,18.95,18.50,18.60,-0.05,"1,423"
1909　榮成,107/10/11,"10,550,471","180,048,057",17.60,17.80,16.75,16.75,-1.85,"3,384"
1909　榮成,107/10/12,"4,100,506","67,836,326",16.00,17.00,16.00,16.90,+0.15,"1,810"
1909　榮成,107/10/15,"3,924,932","68,245,052",17.15,17.65,17.05,17.25,+0.35,"2,001"
1909　榮成,107/10/16,"2,428,301","41,492,118",17.25,17.45,16.85,16.90,-0.35,"1,481"
1909　榮成,107/10/17,"2,394,963","41,233,954",17.10,17.40,17.10,17.15,+0.25,"1,295"
1909　榮成,107/10/18,"1,278,712","21,884,329",17.25,17.25,17.00,17.10,-0.05,733
1909　榮成,107/10/19,"4,009,631","67,175,109",16.90,17.00,16.55,16.70,-0.40,"1,147"
1909　榮成,107/10/22,"2,798,957","47,840,236",16.75,17.40,16.50,17.40,+0.70,"1,330"
1909　榮成,107/10/23,"3,391,937","57,195,523",17.45,17.45,16.60,16.70,-0.70,"1,698"
1909　榮成,107/10/24,"2,104,841","35,034,362",16.50,16.80,16.50,16.70, 0.00,954
1909　榮成,107/10/25,"4,093,589","65,030,110",16.30,16.30,15.70,15.75,-0.95,"2,126"
1909　榮成,107/10/26,"3,551,487","54,955,747",16.10,16.15,15.10,15.25,-0.50,"1,675"
1909　榮成,107/10/29,"3,563,791","53,850,738",15.45,15.55,14.90,15.10,-0.15,"1,424"
1909　榮成,107/10/30,"1,879,604","28,356,777",15.10,15.25,15.00,15.15,+0.05,915
1909　榮成,107/10/31,"2,458,949","38,448,910",15.40,15.85,15.25,15.75,+0.60,"1,298"
1909　榮成,107/11/01,"2,857,383","46,239,207",16.05,16.40,15.80,16.30,+0.55,"1,399"
1909　榮成,107/11/02,"15,982,888","270,146,511",16.55,16.85,16.40,16.75,+0.45,"1,640"
1909　榮成,107/11/05,"2,484,113","41,569,621",16.60,16.95,16.55,16.80,+0.05,"1,151"
1909　榮成,107/11/06,"4,659,033","75,339,634",16.65,16.65,15.95,16.05,-0.75,"1,949"
1909　榮成,107/11/07,"2,809,795","45,390,905",16.05,16.30,15.90,16.30,+0.25,"1,337"
1909　榮成,107/11/08,"2,197,828","36,045,432",16.50,16.55,16.25,16.30, 0.00,"1,041"
1909　榮成,107/11/09,"3,043,000","49,025,947",16.35,16.50,15.85,16.05,-0.25,"1,272"
1909　榮成,107/11/12,"1,580,680","25,609,382",16.15,16.30,16.05,16.15,+0.10,764
1909　榮成,107/11/13,"1,447,760","22,916,031",15.85,16.00,15.70,16.00,-0.15,782
1909　榮成,107/11/14,"3,017,553","47,600,231",16.00,16.10,15.65,15.75,-0.25,"1,281"
1909　榮成,107/11/15,"1,589,507","25,174,558",15.80,15.95,15.65,15.80,X0.00,782
1909　榮成,107/11/16,"13,799,196","220,686,814",16.00,16.05,15.80,15.85,+0.05,694
1909　榮成,107/11/19,"6,212,237","101,573,058",15.90,16.60,15.90,16.50,+0.65,"2,647"
1909　榮成,107/11/20,"2,411,236","39,321,794",16.40,16.50,16.10,16.25,-0.25,"1,422"
1909　榮成,107/11/21,"2,257,821","36,611,312",16.10,16.30,16.05,16.25, 0.00,"1,094"
1909　榮成,107/11/22,"5,581,308","92,311,537",16.20,16.85,16.20,16.70,+0.45,"2,024"
1909　榮成,107/11/23,"12,545,642","210,547,653",16.85,17.10,16.35,16.35,-0.35,"4,326"
1909　榮成,107/11/26,"2,782,646","45,305,791",16.35,16.55,16.15,16.25,-0.10,"1,270"
1909　榮成,107/11/27,"1,922,391","31,243,509",16.30,16.40,16.15,16.35,+0.10,902
1909　榮成,107/11/28,"2,610,498","42,635,465",16.40,16.50,16.20,16.35, 0.00,"1,233"
1909　榮成,107/11/29,"4,307,582","71,237,084",16.35,16.80,16.35,16.50,+0.15,"1,810"
1909　榮成,107/11/30,"18,335,700","315,636,085",16.65,17.15,16.50,17.10,+0.60,"3,022"
1909　榮成,107/12/03,"18,446,562","323,692,557",17.55,17.75,17.30,17.50,+0.40,"5,903"
1909　榮成,107/12/04,"5,559,688","96,996,448",17.45,17.65,17.20,17.30,-0.20,"2,601"
1909　榮成,107/12/05,"4,440,391","75,862,010",17.15,17.20,16.95,17.05,-0.25,"1,911"
1909　榮成,107/12/06,"8,848,632","146,175,594",17.20,17.20,16.25,16.45,-0.60,"3,511"
1909　榮成,107/12/07,"6,061,733","100,972,760",16.65,16.75,16.50,16.60,+0.15,"2,327"
1909　榮成,107/12/10,"7,999,550","127,853,038",16.50,16.50,15.80,15.80,-0.80,"3,351"
1909　榮成,107/12/11,"2,512,320","39,937,034",15.80,16.00,15.80,15.85,+0.05,"1,340"
1909　榮成,107/12/12,"2,892,118","46,268,143",16.00,16.10,15.90,16.05,+0.20,"1,276"
1909　榮成,107/12/13,"2,705,400","43,276,534",16.05,16.15,15.90,16.05, 0.00,"1,174"
1909　榮成,107/12/14,"3,671,710","58,260,110",15.90,15.95,15.80,15.85,-0.20,"1,912"
1909　榮成,107/12/17,"1,861,179","29,508,144",15.85,15.95,15.80,15.80,-0.05,996
1909　榮成,107/12/18,"3,605,895","56,241,725",15.75,15.75,15.50,15.55,-0.25,"1,660"
1909　榮成,107/12/19,"2,640,658","40,770,843",15.55,15.65,15.30,15.40,-0.15,"1,304"
1909　榮成,107/12/20,"5,484,703","82,646,878",15.20,15.25,14.95,15.05,-0.35,"2,185"
1909　榮成,107/12/21,"4,435,627","65,549,727",14.95,14.95,14.60,14.95,-0.10,"1,942"
1909　榮成,107/12/22,"833,694","12,374,631",14.90,14.90,14.80,14.85,-0.10,449
1909　榮成,107/12/24,"2,671,053","39,352,079",14.85,14.85,14.65,14.65,-0.20,"1,185"
1909　榮成,107/12/25,"3,384,950","48,251,826",14.45,14.45,14.10,14.20,-0.45,"1,600"
1909　榮成,107/12/26,"1,929,567","27,619,298",14.30,14.45,14.15,14.20, 0.00,"1,148"
1909　榮成,107/12/27,"1,940,972","28,158,338",14.45,14.60,14.40,14.50,+0.30,928
1909　榮成,107/12/28,"2,611,386","37,355,253",14.45,14.55,14.20,14.25,-0.25,964
1909　榮成,108/01/02,"2,763,071","38,938,743",14.30,14.35,14.00,14.00,-0.25,"1,295"
1909　榮成,108/01/03,"2,611,071","36,058,567",13.90,13.95,13.70,13.70,-0.30,"1,283"
1909　榮成,108/01/04,"3,717,977","49,630,178",13.60,13.60,13.20,13.45,-0.25,"1,564"
1909　榮成,108/01/07,"2,484,349","34,148,236",13.75,13.90,13.65,13.65,+0.20,"1,197"
1909　榮成,108/01/08,"3,766,536","52,571,903",13.75,14.15,13.75,14.15,+0.50,"1,684"
1909　榮成,108/01/09,"3,942,816","56,534,155",14.20,14.45,14.20,14.35,+0.20,"1,883"
1909　榮成,108/01/10,"2,317,239","32,841,963",14.35,14.40,14.10,14.20,-0.15,960
1909　榮成,108/01/11,"1,163,192","16,474,619",14.25,14.25,14.05,14.20, 0.00,543
1909　榮成,108/01/14,"1,515,245","21,315,711",14.20,14.30,13.95,14.05,-0.15,775
1909　榮成,108/01/15,"1,626,605","22,915,112",14.00,14.20,13.90,14.20,+0.15,829
1909　榮成,108/01/16,"2,009,313","28,683,919",14.20,14.40,14.10,14.35,+0.15,"1,120"
1909　榮成,108/01/17,"2,445,221","35,332,374",14.40,14.50,14.40,14.45,+0.10,"1,165"
1909　榮成,108/01/18,"1,726,082","24,945,130",14.45,14.55,14.35,14.50,+0.05,739
1909　榮成,108/01/21,"2,163,703","31,461,292",14.55,14.60,14.50,14.50, 0.00,"1,044"
1909　榮成,108/01/22,"1,688,254","24,443,878",14.50,14.55,14.40,14.55,+0.05,818
1909　榮成,108/01/23,"1,973,053","28,545,807",14.50,14.60,14.25,14.55, 0.00,876
1909　榮成,108/01/24,"4,952,316","73,094,720",14.55,14.95,14.45,14.80,+0.25,"1,786"
1909　榮成,108/01/25,"2,706,945","40,310,965",14.90,15.00,14.75,14.95,+0.15,"1,346"
1909　榮成,108/01/28,"3,479,884","52,406,045",15.00,15.15,14.95,15.05,+0.10,"1,464"
1909　榮成,108/01/29,"2,778,952","41,769,619",15.05,15.15,14.90,15.10,+0.05,"1,201"
1909　榮成,108/01/30,"2,311,137","35,020,535",15.15,15.20,15.10,15.15,+0.05,964
1909　榮成,108/02/11,"2,490,005","37,922,667",15.20,15.30,15.15,15.30,+0.15,"1,159"
1909　榮成,108/02/12,"11,200,861","178,610,893",15.50,16.15,15.50,16.05,+0.75,"4,562"
1909　榮成,108/02/13,"9,537,176","154,746,077",16.20,16.50,15.80,16.40,+0.35,"4,012"
1909　榮成,108/02/14,"16,214,959","274,460,530",16.40,17.35,16.30,17.15,+0.75,"6,545"
1909　榮成,108/02/15,"11,666,609","197,878,661",17.10,17.35,16.60,17.05,-0.10,"4,748"
1909　榮成,108/02/18,"7,144,445","121,446,478",17.10,17.15,16.85,17.00,-0.05,"2,437"
1909　榮成,108/02/19,"6,038,593","103,700,911",17.20,17.25,17.05,17.15,+0.15,"2,189"
1909　榮成,108/02/20,"5,179,674","88,863,334",17.25,17.35,17.05,17.20,+0.05,"2,066"
1909　榮成,108/02/21,"4,884,132","83,774,925",17.30,17.30,17.05,17.30,+0.10,"1,730"
1909　榮成,108/02/22,"3,022,588","51,903,778",17.25,17.25,17.10,17.10,-0.20,"1,237"
1909　榮成,108/02/25,"11,149,747","196,262,546",17.15,18.00,17.00,17.95,+0.85,"4,369"
1909　榮成,108/02/26,"12,932,854","232,534,384",18.00,18.40,17.60,17.80,-0.15,"4,811"
1909　榮成,108/02/27,"8,091,302","140,688,693",17.80,17.80,17.25,17.45,-0.35,"3,106"
1909　榮成,108/03/04,"4,160,546","72,054,155",17.35,17.45,17.20,17.35,-0.10,"2,239"
1909　榮成,108/03/05,"7,258,357","128,508,996",17.35,17.85,17.25,17.65,+0.30,"2,960"
1909　榮成,108/03/06,"8,261,512","144,637,966",17.55,17.85,17.25,17.80,+0.15,"3,066"
1909　榮成,108/03/07,"6,976,608","121,805,727",17.75,17.85,17.20,17.25,-0.55,"2,782"
1909　榮成,108/03/08,"5,639,800","95,857,833",17.10,17.15,16.85,16.95,-0.30,"2,196"
1909　榮成,108/03/11,"15,943,967","282,332,852",16.90,18.00,16.90,17.70,+0.75,"5,778"
1909　榮成,108/03/12,"27,954,761","525,899,659",18.20,19.30,18.20,19.00,+1.30,"9,363"
1909　榮成,108/03/13,"22,205,923","424,498,025",19.35,19.60,18.80,18.95,-0.05,"7,166"
1909　榮成,108/03/14,"12,980,508","247,844,043",19.00,19.30,18.80,19.30,+0.35,"4,567"
1909　榮成,108/03/15,"55,735,097","1,133,550,693",19.40,20.85,19.15,20.85,+1.55,"10,875"
1909　榮成,108/03/18,"26,982,173","566,807,323",21.00,21.60,20.70,20.75,-0.10,"9,650"
1909　榮成,108/03/19,"32,373,314","627,827,716",20.15,20.50,18.80,18.90,-1.85,"12,578"
1909　榮成,108/03/20,"22,762,832","415,010,024",18.90,18.90,18.05,18.05,-0.85,"8,420"
1909　榮成,108/03/21,"10,856,588","198,467,341",18.10,18.50,18.10,18.15,+0.10,"4,210"
1909　榮成,108/03/22,"19,807,342","348,807,805",18.30,18.35,17.35,17.45,-0.70,"7,410"
1909　榮成,108/03/25,"9,117,824","155,732,568",17.10,17.30,16.85,17.05,-0.40,"3,460"
1909　榮成,108/03/26,"7,341,895","125,932,686",17.20,17.40,17.00,17.10,+0.05,"3,391"
1909　榮成,108/03/27,"5,043,946","86,939,760",17.10,17.35,17.05,17.20,+0.10,"2,313"
1909　榮成,108/03/28,"4,244,906","72,710,314",17.20,17.30,17.05,17.20, 0.00,"1,605"
1909　榮成,108/03/29,"5,740,529","98,216,660",17.30,17.30,17.05,17.05,-0.15,"2,055"
1909　榮成,108/04/01,"5,797,630","99,084,540",17.10,17.20,17.00,17.10,+0.05,"1,986"
1909　榮成,108/04/02,"11,189,614","196,263,717",17.20,17.70,17.15,17.65,+0.55,"4,180"
1909　榮成,108/04/03,"6,492,791","113,328,001",17.65,17.70,17.30,17.40,-0.25,"2,552"
1909　榮成,108/04/08,"6,352,606","110,097,087",17.45,17.55,17.20,17.20,-0.20,"2,599"
1909　榮成,108/04/09,"6,495,238","110,946,412",17.25,17.25,17.00,17.05,-0.15,"2,391"
1909　榮成,108/04/10,"6,085,050","104,501,407",17.05,17.35,17.00,17.00,-0.05,"2,344"
1909　榮成,108/04/11,"7,570,425","127,523,298",17.05,17.20,16.65,16.65,-0.35,"3,235"
1909　榮成,108/04/12,"7,473,757","123,690,231",16.65,16.90,16.30,16.35,-0.30,"3,020"
1909　榮成,108/04/15,"6,248,319","104,834,323",16.45,16.95,16.45,16.90,+0.55,"2,471"
1909　榮成,108/04/16,"4,459,118","75,588,087",17.10,17.10,16.80,17.00,+0.10,"1,930"
1909　榮成,108/04/17,"3,969,873","66,789,691",16.95,17.05,16.75,16.85,-0.15,"1,915"
1909　榮成,108/04/18,"4,377,230","72,840,795",16.90,16.95,16.45,16.45,-0.40,"1,873"
1909　榮成,108/04/19,"2,386,953","39,599,911",16.55,16.70,16.45,16.55,+0.10,971
1909　榮成,108/04/22,"5,124,148","86,905,830",16.65,17.15,16.60,16.95,+0.40,"2,141"
1909　榮成,108/04/23,"3,421,200","58,122,250",17.10,17.10,16.80,17.00,+0.05,"1,441"
1909　榮成,108/04/24,"3,308,478","56,379,326",17.15,17.20,16.85,16.90,-0.10,"1,387"
1909　榮成,108/04/25,"1,870,360","31,497,310",16.90,17.00,16.75,16.75,-0.15,956
1909　榮成,108/04/26,"2,880,848","47,983,993",16.70,16.85,16.50,16.75, 0.00,"1,272"
1909　榮成,108/04/29,"5,567,716","94,771,945",16.90,17.20,16.80,16.90,+0.15,"2,278"
1909　榮成,108/04/30,"29,127,511","514,752,033",17.05,18.10,17.05,18.10,+1.20,"9,941"
1909　榮成,108/05/02,"22,113,799","398,560,772",18.25,18.55,17.60,17.70,-0.40,"8,241"
1909　榮成,108/05/03,"7,901,925","139,389,070",17.75,17.90,17.50,17.55,-0.15,"2,909"
1909　榮成,108/05/06,"11,467,322","193,573,164",17.30,17.30,16.65,16.75,-0.80,"4,340"
1909　榮成,108/05/07,"6,098,561","102,873,994",16.70,17.10,16.65,16.80,+0.05,"2,146"
1909　榮成,108/05/08,"4,082,512","67,627,245",16.55,16.70,16.35,16.70,-0.10,"1,795"
1909　榮成,108/05/09,"4,247,740","70,350,990",16.80,16.90,16.40,16.40,-0.30,"1,821"
1909　榮成,108/05/10,"11,172,643","176,271,238",16.40,16.60,15.20,15.50,-0.90,"4,244"
1909　榮成,108/05/13,"3,931,432","60,651,263",15.50,15.75,15.25,15.30,-0.20,"1,697"
1909　榮成,108/05/14,"3,997,146","60,526,290",15.00,15.45,14.90,15.45,+0.15,"1,773"
1909　榮成,108/05/15,"3,001,321","47,490,936",15.65,16.00,15.65,15.90,+0.45,"1,254"
1909　榮成,108/05/16,"2,982,177","47,706,707",15.90,16.10,15.80,15.80,-0.10,"1,244"
1909　榮成,108/05/17,"2,396,826","37,647,347",15.95,16.05,15.50,15.50,-0.30,"1,050"
1909　榮成,108/05/20,"2,216,904","35,024,733",15.65,16.00,15.65,15.70,+0.20,"1,079"
1909　榮成,108/05/21,"3,096,060","49,391,840",15.60,16.15,15.55,16.00,+0.30,"1,461"
1909　榮成,108/05/22,"1,704,786","27,317,847",16.05,16.15,15.90,15.95,-0.05,772
1909　榮成,108/05/23,"3,748,228","58,244,228",15.90,15.90,15.35,15.45,-0.50,"1,460"
1909　榮成,108/05/24,"1,497,386","23,229,181",15.45,15.60,15.45,15.45, 0.00,726
1909　榮成,108/05/27,"4,120,287","62,477,188",15.60,15.60,15.05,15.20,-0.25,"1,675"
1909　榮成,108/05/28,"3,961,517","60,100,087",15.25,15.50,15.00,15.50,+0.30,"1,619"
1909　榮成,108/05/29,"3,439,775","52,174,952",15.30,15.30,15.10,15.20,-0.30,"1,516"
1909　榮成,108/05/30,"2,658,798","40,333,378",15.25,15.25,15.10,15.15,-0.05,"1,132"
1909　榮成,108/05/31,"25,340,774","371,038,483",15.20,15.45,14.55,14.55,-0.60,"2,032"
1909　榮成,108/06/03,"10,379,416","148,122,692",14.55,14.55,14.00,14.10,-0.45,"3,737"
1909　榮成,108/06/04,"5,164,996","73,597,837",14.10,14.35,14.00,14.30,+0.20,"1,465"
1909　榮成,108/06/05,"2,510,986","35,952,744",14.40,14.45,14.25,14.25,-0.05,944
1909　榮成,108/06/06,"6,140,393","86,487,436",14.25,14.30,13.90,14.05,-0.20,"2,590"
1909　榮成,108/06/10,"2,042,061","28,678,802",14.10,14.20,13.95,14.05, 0.00,896
1909　榮成,108/06/11,"2,864,527","40,834,377",14.10,14.35,14.10,14.30,+0.25,"1,113"
1909　榮成,108/06/12,"7,309,181","106,648,299",14.35,14.75,14.30,14.70,+0.40,"2,528"
1909　榮成,108/06/13,"2,289,862","33,448,382",14.70,14.70,14.50,14.65,-0.05,851
1909　榮成,108/06/14,"1,165,563","16,965,817",14.65,14.70,14.50,14.50,-0.15,493
1909　榮成,108/06/17,"1,753,358","25,437,537",14.55,14.65,14.40,14.40,-0.10,697
1909　榮成,108/06/18,"990,885","14,315,779",14.50,14.55,14.40,14.40, 0.00,423
1909　榮成,108/06/19,"4,029,555","59,375,657",14.55,14.90,14.50,14.80,+0.40,"2,139"
1909　榮成,108/06/20,"3,119,542","46,692,130",14.85,15.10,14.80,14.90,+0.10,"1,218"
1909　榮成,108/06/21,"2,167,626","32,145,614",14.95,15.00,14.65,14.65,-0.25,876
1909　榮成,108/06/24,"2,501,656","36,985,231",14.70,14.95,14.65,14.85,+0.20,865
1909　榮成,108/06/25,"1,360,379","20,040,234",14.85,14.90,14.65,14.65,-0.20,536
1909　榮成,108/06/26,"1,977,345","29,198,900",14.65,14.90,14.60,14.80,+0.15,779
1909　榮成,108/06/27,"4,194,066","62,741,290",14.80,15.05,14.80,15.05,+0.25,"1,289"
1909　榮成,108/06/28,"3,074,058","44,720,590",14.50,14.65,14.45,14.55,X0.00,"1,061"
1909　榮成,108/07/01,"2,089,718","30,699,149",14.70,14.80,14.60,14.70,+0.15,764
1909　榮成,108/07/02,"3,490,356","51,887,211",14.75,15.00,14.70,14.90,+0.20,"1,299"
1909　榮成,108/07/03,"2,166,851","32,249,120",14.90,15.00,14.80,14.90, 0.00,879
1909　榮成,108/07/04,"2,212,304","33,041,013",14.95,15.00,14.85,14.90, 0.00,729
1909　榮成,108/07/05,"1,429,675","21,335,949",14.95,15.00,14.85,14.90, 0.00,744
1909　榮成,108/07/08,"2,088,639","30,712,405",14.85,14.90,14.60,14.60,-0.30,"1,007"
1909　榮成,108/07/09,"1,488,660","21,773,780",14.60,14.75,14.50,14.70,+0.10,676
1909　榮成,108/07/10,"1,652,065","24,321,098",14.70,14.85,14.60,14.70, 0.00,765
1909　榮成,108/07/11,"1,317,865","19,395,754",14.80,14.80,14.65,14.70, 0.00,492
1909　榮成,108/07/12,"1,369,899","20,103,563",14.75,14.80,14.60,14.65,-0.05,507
1909　榮成,108/07/15,"2,387,272","35,329,005",14.70,14.90,14.65,14.75,+0.10,874
1909　榮成,108/07/16,"14,296,831","223,005,146",14.80,16.00,14.80,16.00,+1.25,"5,924"
1909　榮成,108/07/17,"8,075,517","126,593,860",15.95,15.95,15.50,15.60,-0.40,"3,508"
1909　榮成,108/07/18,"4,815,704","73,824,114",15.50,15.55,15.20,15.30,-0.30,"1,895"
1909　榮成,108/07/19,"3,030,995","46,118,668",15.40,15.50,15.10,15.20,-0.10,"1,475"
1909　榮成,108/07/22,"2,186,579","33,359,282",15.20,15.35,15.15,15.35,+0.15,"1,009"
1909　榮成,108/07/23,"3,134,201","47,457,038",15.35,15.40,15.05,15.10,-0.25,"1,460"
1909　榮成,108/07/24,"2,886,667","44,184,334",15.10,15.45,15.10,15.20,+0.10,"1,082"
1909　榮成,108/07/25,"1,397,111","21,227,132",15.25,15.30,15.15,15.20, 0.00,685
1909　榮成,108/07/26,"1,460,565","22,279,159",15.20,15.35,15.10,15.25,+0.05,586
1909　榮成,108/07/29,"1,885,979","28,984,971",15.25,15.45,15.25,15.35,+0.10,812
1909　榮成,108/07/30,"1,995,361","30,290,812",15.35,15.40,15.10,15.15,-0.20,860
1909　榮成,108/07/31,"2,196,621","32,907,144",15.15,15.15,14.85,14.95,-0.20,"1,023"
1909　榮成,108/08/01,"1,266,156","18,775,411",14.80,14.95,14.75,14.80,-0.15,542
1909　榮成,108/08/02,"2,448,211","35,669,789",14.70,14.70,14.50,14.55,-0.25,937
1909　榮成,108/08/05,"2,114,829","30,200,218",14.50,14.50,14.20,14.25,-0.30,925
1909　榮成,108/08/06,"2,454,337","34,385,882",14.00,14.35,13.75,14.30,+0.05,987
1909　榮成,108/08/07,"1,204,640","17,230,298",14.40,14.45,14.15,14.15,-0.15,552
1909　榮成,108/08/08,"1,003,318","14,323,110",14.20,14.35,14.20,14.25,+0.10,350
1909　榮成,108/08/12,"1,167,552","16,443,749",13.95,14.25,13.95,14.05,-0.20,554
1909　榮成,108/08/13,"2,506,735","34,832,958",13.95,14.10,13.80,13.80,-0.25,"1,126"
1909　榮成,108/08/14,"2,784,367","38,406,440",14.00,14.05,13.70,13.70,-0.10,"1,194"
1909　榮成,108/08/15,"2,679,401","36,034,060",13.50,13.55,13.35,13.55,-0.15,"1,232"
1909　榮成,108/08/16,"2,523,049","33,978,462",13.45,13.65,13.35,13.55, 0.00,"1,295"
1909　榮成,108/08/19,"2,157,098","29,338,336",13.75,13.75,13.55,13.55, 0.00,"1,018"
1909　榮成,108/08/20,"3,830,143","53,077,685",13.60,14.05,13.60,14.00,+0.45,"1,700"
1909　榮成,108/08/21,"2,266,397","31,313,045",13.95,14.00,13.70,13.75,-0.25,"1,388"
1909　榮成,108/08/22,"1,843,212","25,286,336",13.75,13.90,13.60,13.65,-0.10,"1,156"
1909　榮成,108/08/23,"1,705,224","23,259,161",13.70,13.70,13.60,13.60,-0.05,946
1909　榮成,108/08/26,"1,902,398","25,695,479",13.50,13.75,13.35,13.60, 0.00,839
1909　榮成,108/08/27,"1,658,685","22,777,550",13.65,13.85,13.65,13.65,+0.05,810
1909　榮成,108/08/28,"1,129,514","15,520,237",13.70,13.80,13.70,13.70,+0.05,635
1909　榮成,108/08/29,"1,162,151","15,906,712",13.70,13.75,13.65,13.65,-0.05,533
1909　榮成,108/08/30,"3,064,475","42,937,418",13.80,14.15,13.75,14.05,+0.40,"1,332"
1909　榮成,108/09/02,"1,554,376","22,017,298",14.05,14.30,14.00,14.25,+0.20,814
1909　榮成,108/09/03,"4,496,905","65,407,341",14.25,14.80,14.10,14.70,+0.45,"2,142"
1909　榮成,108/09/04,"2,277,167","33,381,731",14.60,14.75,14.55,14.65,-0.05,"1,099"
1909　榮成,108/09/05,"1,833,178","26,789,182",14.70,14.70,14.55,14.55,-0.10,951
1909　榮成,108/09/06,"2,167,971","31,598,873",14.55,14.70,14.45,14.65,+0.10,"1,006"
1909　榮成,108/09/09,"4,779,834","71,143,864",14.60,15.10,14.55,14.65, 0.00,"1,990"
1909　榮成,108/09/10,"2,080,996","30,449,785",14.80,14.80,14.55,14.60,-0.05,949
1909　榮成,108/09/11,"2,245,306","32,720,048",14.65,14.80,14.45,14.50,-0.10,"1,354"
1909　榮成,108/09/12,"2,455,752","35,575,474",14.60,14.60,14.40,14.40,-0.10,"1,145"
1909　榮成,108/09/16,"1,830,857","26,626,563",14.50,14.65,14.45,14.55,+0.15,806
1909　榮成,108/09/17,"1,491,452","21,605,973",14.60,14.65,14.40,14.45,-0.10,764
1909　榮成,108/09/18,"1,819,614","26,459,650",14.50,14.65,14.45,14.50,+0.05,"1,087"
1909　榮成,108/09/19,"1,060,398","15,446,978",14.55,14.65,14.50,14.55,+0.05,544
1909　榮成,108/09/20,"3,393,348","49,857,109",14.60,14.85,14.60,14.60,+0.05,"1,223"
1909　榮成,108/09/23,"3,304,696","47,854,638",14.65,14.65,14.40,14.45,-0.15,"1,207"
1909　榮成,108/09/24,"2,831,742","40,478,655",14.50,14.50,14.15,14.20,-0.25,"1,423"
1909　榮成,108/09/25,"2,593,662","36,380,218",14.20,14.20,13.95,13.95,-0.25,"1,142"
1909　榮成,108/09/26,"2,304,465","32,039,957",14.00,14.05,13.80,13.90,-0.05,"1,036"
1909　榮成,108/09/27,"2,675,757","36,765,341",13.90,13.90,13.65,13.65,-0.25,998
1909　榮成,108/10/01,"1,195,953","16,481,676",13.65,13.90,13.65,13.85,+0.20,590
1909　榮成,108/10/02,"1,352,410","18,521,993",13.85,13.85,13.65,13.70,-0.15,757
1909　榮成,108/10/03,"1,465,429","19,911,720",13.60,13.65,13.50,13.60,-0.10,660
1909　榮成,108/10/04,"1,631,125","22,121,046",13.65,13.65,13.50,13.55,-0.05,693
1909　榮成,108/10/07,"1,462,889","20,087,826",13.60,13.85,13.60,13.70,+0.15,618
1909　榮成,108/10/08,"1,744,449","23,783,347",13.70,13.75,13.60,13.60,-0.10,696
1909　榮成,108/10/09,"2,073,959","28,067,143",13.55,13.60,13.50,13.50,-0.10,848
1909　榮成,108/10/14,"3,456,768","47,108,013",13.65,13.75,13.55,13.70,+0.20,"1,025"
1909　榮成,108/10/15,"2,747,274","37,177,221",13.70,13.70,13.40,13.50,-0.20,"1,104"
1909　榮成,108/10/16,"2,697,965","36,530,367",13.55,13.60,13.45,13.60,+0.10,"1,180"
1909　榮成,108/10/17,"2,630,581","35,745,525",13.60,13.75,13.50,13.55,-0.05,997
1909　榮成,108/10/18,"6,314,399","85,908,735",13.60,13.75,13.45,13.65,+0.10,"1,317"
1909　榮成,108/10/21,"4,342,950","59,751,946",13.65,13.85,13.65,13.85,+0.20,"1,270"
1909　榮成,108/10/22,"3,431,220","47,862,045",13.90,14.10,13.85,13.90,+0.05,"1,136"
1909　榮成,108/10/23,"2,863,572","39,327,977",13.85,13.90,13.65,13.70,-0.20,871
1909　榮成,108/10/24,"1,613,365","22,200,430",13.70,13.85,13.65,13.85,+0.15,713
1909　榮成,108/10/25,"1,174,205","16,146,476",13.85,13.85,13.70,13.75,-0.10,547
1909　榮成,108/10/28,"3,492,927","48,098,541",13.80,13.90,13.70,13.75, 0.00,775
1909　榮成,108/10/29,"2,304,700","31,575,624",13.75,13.80,13.65,13.65,-0.10,515
1909　榮成,108/10/30,"1,241,514","16,957,758",13.70,13.75,13.60,13.65, 0.00,387
1909　榮成,108/10/31,"2,031,061","27,667,377",13.65,13.75,13.55,13.55,-0.10,588
1909　榮成,108/11/01,"1,238,205","16,785,922",13.55,13.60,13.50,13.60,+0.05,364
1909　榮成,108/11/04,"2,516,025","34,260,685",13.65,13.70,13.55,13.60, 0.00,558
1909　榮成,108/11/05,"3,929,104","53,851,023",13.70,13.80,13.65,13.70,+0.10,940
1909　榮成,108/11/06,"4,504,099","61,254,089",13.70,13.75,13.50,13.55,X0.00,"1,074"
1909　榮成,108/11/07,"3,960,015","53,681,452",13.60,13.65,13.50,13.65,+0.10,773
1909　榮成,108/11/08,"3,127,592","42,446,616",13.70,13.70,13.50,13.50,-0.15,722
1909　榮成,108/11/11,"5,392,830","72,137,035",13.50,13.50,13.20,13.30,-0.20,"1,200"
1909　榮成,108/11/12,"4,267,999","56,431,635",13.35,13.35,13.15,13.15,-0.15,"1,416"
1909　榮成,108/11/13,"2,644,009","34,735,761",13.15,13.25,13.10,13.10,-0.05,836
1909　榮成,108/11/14,"2,564,353","33,500,071",13.10,13.15,13.00,13.00,-0.10,742
1909　榮成,108/11/15,"2,317,587","30,448,921",13.05,13.20,13.05,13.15,+0.15,762
1909　榮成,108/11/18,"1,589,624","20,909,004",13.20,13.25,13.10,13.15, 0.00,618
1909　榮成,108/11/19,"1,662,439","21,846,266",13.15,13.20,13.10,13.20,+0.05,535
1909　榮成,108/11/20,"1,459,139","19,203,126",13.20,13.20,13.10,13.15,-0.05,613
1909　榮成,108/11/21,"3,021,724","40,073,049",13.15,13.35,13.10,13.35,+0.20,800
1909　榮成,108/11/22,"1,500,502","19,914,050",13.35,13.35,13.20,13.20,-0.15,483
1909　榮成,108/11/25,"1,388,943","18,350,338",13.25,13.30,13.20,13.25,+0.05,389
1909　榮成,108/11/26,"1,935,673","25,564,462",13.30,13.30,13.15,13.15,-0.10,453
1909　榮成,108/11/27,"1,403,604","18,548,748",13.20,13.30,13.20,13.25,+0.10,496
1909　榮成,108/11/28,"1,136,891","15,071,499",13.30,13.35,13.20,13.20,-0.05,391
1909　榮成,108/11/29,"2,468,231","32,616,206",13.25,13.30,13.15,13.20, 0.00,468
1909　榮成,108/12/02,"2,433,380","31,845,424",13.20,13.20,13.05,13.05,-0.15,723
1909　榮成,108/12/03,"1,692,948","22,079,266",13.05,13.10,13.00,13.00,-0.05,574
1909　榮成,108/12/04,"1,904,865","24,774,433",13.10,13.10,12.95,13.00, 0.00,810
1909　榮成,108/12/05,"2,228,113","28,924,869",13.05,13.10,12.95,12.95,-0.05,783
1909　榮成,108/12/06,"13,055,187","174,506,856",13.05,13.55,13.05,13.45,+0.50,"3,400"
1909　榮成,108/12/09,"8,415,181","114,940,780",13.60,13.75,13.55,13.75,+0.30,"2,305"
1909　榮成,108/12/10,"4,268,005","58,510,862",13.80,13.85,13.60,13.75, 0.00,"1,251"
1909　榮成,108/12/11,"4,528,806","62,146,138",13.75,13.80,13.60,13.70,-0.05,"1,014"
1909　榮成,108/12/12,"8,082,523","111,798,432",13.80,13.90,13.75,13.75,+0.05,"2,294"
1909　榮成,108/12/13,"17,259,948","241,832,250",13.85,14.35,13.65,14.10,+0.35,"4,335"
1909　榮成,108/12/16,"13,652,520","196,815,539",14.35,14.55,14.30,14.40,+0.30,"3,690"
1909　榮成,108/12/17,"8,706,252","126,352,698",14.50,14.60,14.40,14.55,+0.15,"2,618"
1909　榮成,108/12/18,"8,955,426","130,741,149",14.60,14.70,14.45,14.70,+0.15,"2,397"
1909　榮成,108/12/19,"9,970,883","147,347,773",14.70,14.95,14.55,14.65,-0.05,"2,849"
1909　榮成,108/12/20,"7,222,172","104,153,018",14.75,14.80,14.25,14.35,-0.30,"1,775"
1909　榮成,108/12/23,"5,352,552","76,989,295",14.40,14.65,14.25,14.40,+0.05,"1,482"
1909　榮成,108/12/24,"3,738,596","53,448,486",14.35,14.45,14.20,14.20,-0.20,"1,037"
1909　榮成,108/12/25,"7,362,268","104,866,336",14.20,14.45,14.10,14.30,+0.10,"3,526"
1909　榮成,108/12/26,"23,263,770","347,074,977",14.45,15.20,14.45,14.95,+0.65,"7,386"
1909　榮成,108/12/27,"9,468,828","142,405,820",15.05,15.15,14.90,15.00,+0.05,"2,921"
1909　榮成,108/12/30,"6,060,211","90,584,776",15.10,15.15,14.85,15.00, 0.00,"1,764"
1909　榮成,108/12/31,"5,246,303","78,528,945",15.00,15.05,14.85,15.05,+0.05,"1,267"
1909　榮成,109/01/02,"15,585,342","242,990,122",15.20,15.95,15.15,15.75,+0.70,"5,019"
1909　榮成,109/01/03,"19,779,663","312,825,923",15.90,16.30,15.40,15.70,-0.05,"6,100"
1909　榮成,109/01/06,"13,707,641","216,505,387",15.65,16.10,15.40,15.90,+0.20,"3,647"
1909　榮成,109/01/07,"12,483,626","196,373,598",16.00,16.10,15.45,15.60,-0.30,"3,225"
1909　榮成,109/01/08,"9,096,898","138,939,485",15.20,15.50,15.05,15.20,-0.40,"2,917"
1909　榮成,109/01/09,"5,282,012","81,301,076",15.50,15.50,15.20,15.50,+0.30,"1,671"
1909　榮成,109/01/10,"2,919,463","44,982,170",15.45,15.55,15.30,15.30,-0.20,"1,223"
1909　榮成,109/01/13,"3,338,039","50,778,886",15.40,15.40,15.10,15.20,-0.10,"1,118"
1909　榮成,109/01/14,"3,241,254","49,552,627",15.25,15.40,15.20,15.25,+0.05,"1,107"
1909　榮成,109/01/15,"4,018,052","60,890,634",15.20,15.30,15.05,15.05,-0.20,"1,510"
1909　榮成,109/01/16,"10,817,821","159,674,320",15.05,15.10,14.60,14.85,-0.20,"3,111"
1909　榮成,109/01/17,"3,535,919","52,979,485",14.90,15.10,14.90,14.95,+0.10,"1,273"
1909　榮成,109/01/20,"3,143,410","47,227,978",15.00,15.15,14.95,15.05,+0.10,"1,013"
1909　榮成,109/01/30,"9,557,717","131,649,574",13.60,14.20,13.55,13.60,-1.45,"3,039"
1909　榮成,109/01/31,"3,819,455","52,691,365",13.60,13.95,13.60,13.80,+0.20,"1,575"
1909　榮成,109/02/03,"8,966,942","117,910,312",13.40,13.40,12.85,13.40,-0.40,"2,153"
1909　榮成,109/02/04,"2,551,834","34,375,403",13.45,13.60,13.30,13.45,+0.05,968
1909　榮成,109/02/05,"3,887,949","52,833,345",13.45,13.75,13.35,13.65,+0.20,"1,153"
1909　榮成,109/02/06,"2,633,757","36,424,814",13.75,13.95,13.70,13.85,+0.20,938
1909　榮成,109/02/07,"4,962,131","69,088,355",13.90,14.10,13.70,14.05,+0.20,"1,722"
1909　榮成,109/02/10,"4,177,959","57,517,971",13.80,13.95,13.45,13.80,-0.25,"1,229"
1909　榮成,109/02/11,"2,529,410","35,642,725",13.80,14.20,13.80,14.10,+0.30,"1,032"
1909　榮成,109/02/12,"1,917,006","26,990,028",14.10,14.20,14.00,14.05,-0.05,820
1909　榮成,109/02/13,"1,960,320","27,724,737",14.10,14.25,14.00,14.05, 0.00,848
1909　榮成,109/02/14,"2,140,199","30,463,973",14.10,14.30,14.05,14.25,+0.20,909
1909　榮成,109/02/17,"6,471,426","93,882,860",14.25,14.70,14.15,14.50,+0.25,"2,274"
1909　榮成,109/02/18,"14,699,222","219,342,895",14.50,15.10,14.50,15.05,+0.55,"3,794"
1909　榮成,109/02/19,"28,352,394","443,660,746",15.35,15.85,15.30,15.85,+0.80,"7,812"
1909　榮成,109/02/20,"35,398,382","577,072,001",16.25,16.70,16.00,16.10,+0.25,"9,989"
1909　榮成,109/02/21,"19,057,729","307,668,477",16.25,16.30,15.85,16.25,+0.15,"5,247"
1909　榮成,109/02/24,"18,875,594","310,634,842",16.30,16.60,16.10,16.60,+0.35,"5,385"
1909　榮成,109/02/25,"21,553,645","357,247,485",16.30,16.90,16.30,16.45,-0.15,"6,227"
1909　榮成,109/02/26,"91,540,151","1,630,044,368",16.80,18.05,16.80,18.05,+1.60,"18,539"
1909　榮成,109/02/27,"89,633,413","1,663,634,385",18.40,19.15,17.80,18.20,+0.15,"26,928"
1909　榮成,109/03/02,"36,014,841","657,005,422",18.20,18.65,17.80,17.90,-0.30,"11,881"
1909　榮成,109/03/03,"23,103,960","419,041,756",18.30,18.45,17.85,18.05,+0.15,"7,026"
1909　榮成,109/03/04,"27,923,616","495,903,371",18.30,18.35,17.30,17.60,-0.45,"7,749"
1909　榮成,109/03/05,"18,246,353","316,799,264",17.90,17.90,17.10,17.50,-0.10,"5,682"
1909　榮成,109/03/06,"23,380,403","396,740,714",17.30,17.35,16.60,16.90,-0.60,"7,404"
1909　榮成,109/03/09,"18,546,128","310,627,071",16.80,17.45,16.20,16.20,-0.70,"6,588"
1909　榮成,109/03/10,"18,898,641","304,572,927",16.20,16.55,15.65,16.45,+0.25,"5,566"
1909　榮成,109/03/11,"17,954,107","291,816,882",16.90,16.95,15.60,15.90,-0.55,"5,821"
1909　榮成,109/03/12,"24,296,995","357,172,609",15.35,15.45,14.35,14.35,-1.55,"7,129"
1909　榮成,109/03/13,"23,608,651","311,174,286",13.25,13.85,12.95,13.50,-0.85,"6,205"
1909　榮成,109/03/16,"16,552,735","217,788,861",13.55,13.90,12.65,12.75,-0.75,"5,193"
1909　榮成,109/03/17,"13,295,015","168,589,018",12.20,13.10,12.00,12.75, 0.00,"4,691"
1909　榮成,109/03/18,"15,842,821","195,447,302",12.75,13.00,11.80,11.85,-0.90,"6,032"
1909　榮成,109/03/19,"15,170,588","165,183,014",11.60,11.70,10.70,10.70,-1.15,"4,096"
1909　榮成,109/03/20,"10,906,270","124,455,144",11.15,11.70,11.15,11.40,+0.70,"3,333"
1909　榮成,109/03/23,"10,355,142","112,229,112",10.95,11.15,10.35,10.95,-0.45,"3,015"
1909　榮成,109/03/24,"7,155,743","80,928,474",11.30,11.50,11.20,11.25,+0.30,"2,758"
1909　榮成,109/03/25,"18,187,904","214,050,602",11.70,12.15,11.40,11.65,+0.40,"4,450"
1909　榮成,109/03/26,"6,192,459","72,453,415",11.90,11.90,11.50,11.60,-0.05,"2,069"
1909　榮成,109/03/27,"8,603,938","100,109,523",11.95,12.00,11.35,11.40,-0.20,"2,827"
1909　榮成,109/03/30,"5,622,354","63,998,200",11.10,11.70,11.00,11.65,+0.25,"2,131"
1909　榮成,109/03/31,"5,951,164","69,295,964",11.75,11.90,11.50,11.55,-0.10,"2,137"
1909　榮成,109/04/01,"7,902,377","93,379,624",11.55,12.05,11.45,11.95,+0.40,"3,368"
1909　榮成,109/04/06,"8,602,974","105,515,420",12.00,12.55,11.95,12.35,+0.40,"2,632"
1909　榮成,109/04/07,"10,024,402","124,437,605",12.80,12.90,12.15,12.35, 0.00,"2,899"
1909　榮成,109/04/08,"9,237,982","114,717,715",12.30,12.55,12.20,12.50,+0.15,"2,830"
1909　榮成,109/04/09,"5,971,680","75,068,726",12.80,12.85,12.40,12.55,+0.05,"1,660"
1909　榮成,109/04/10,"4,568,524","57,372,998",12.60,12.70,12.45,12.60,+0.05,"1,366"
1909　榮成,109/04/13,"3,931,296","48,991,778",12.65,12.65,12.35,12.35,-0.25,"1,246"
1909　榮成,109/04/14,"6,708,409","84,504,094",12.45,12.75,12.45,12.60,+0.25,"1,543"
1909　榮成,109/04/15,"17,143,087","225,234,596",12.70,13.35,12.65,13.35,+0.75,"5,758"
1909　榮成,109/04/16,"5,608,971","73,197,963",13.05,13.15,12.85,13.10,-0.25,"1,901"
1909　榮成,109/04/17,"8,910,540","116,305,520",13.25,13.35,12.80,13.00,-0.10,"2,227"
1909　榮成,109/04/20,"4,213,487","54,604,972",13.00,13.10,12.80,13.05,+0.05,"1,088"
1909　榮成,109/04/21,"7,085,133","90,096,658",13.05,13.10,12.35,12.40,-0.65,"2,272"
1909　榮成,109/04/22,"2,944,390","36,502,698",12.30,12.60,12.15,12.45,+0.05,"1,005"
1909　榮成,109/04/23,"2,832,175","35,504,441",12.55,12.70,12.35,12.45, 0.00,"1,032"
1909　榮成,109/04/24,"1,928,237","24,059,010",12.50,12.65,12.35,12.40,-0.05,756
1909　榮成,109/04/27,"7,304,764","94,486,046",12.55,13.20,12.55,13.00,+0.60,"2,244"
1909　榮成,109/04/28,"3,126,231","40,875,523",13.10,13.15,12.85,13.10,+0.10,"1,080"
1909　榮成,109/04/29,"8,127,338","107,991,420",13.25,13.40,13.10,13.15,+0.05,"2,178"
1909　榮成,109/04/30,"7,356,753","98,464,793",13.20,13.50,13.20,13.40,+0.25,"1,829"
1909　榮成,109/05/04,"5,088,784","66,631,807",13.20,13.25,12.90,13.00,-0.40,"1,422"
1909　榮成,109/05/05,"4,752,825","62,158,259",13.10,13.25,12.95,13.05,+0.05,"1,127"
1909　榮成,109/05/06,"12,381,429","156,583,047",12.90,12.95,12.40,12.45,-0.60,"3,761"
1909　榮成,109/05/07,"30,780,871","386,009,345",12.50,12.70,12.30,12.30,-0.15,"4,128"
1909　榮成,109/05/08,"11,628,655","142,868,435",12.45,12.55,12.05,12.15,-0.15,"2,794"
1909　榮成,109/05/11,"5,985,866","74,642,157",12.30,12.70,12.15,12.55,+0.40,"1,912"
1909　榮成,109/05/12,"6,999,389","88,074,645",12.55,12.70,12.45,12.60,+0.05,"1,785"
1909　榮成,109/05/13,"3,126,199","38,962,735",12.55,12.55,12.35,12.45,-0.15,914
1909　榮成,109/05/14,"7,103,867","86,590,823",12.45,12.45,12.05,12.05,-0.40,"2,078"
1909　榮成,109/05/15,"4,472,166","53,688,654",12.20,12.25,11.80,12.00,-0.05,"1,458"
1909　榮成,109/05/18,"2,800,314","34,235,538",12.05,12.35,12.05,12.25,+0.25,"1,066"
1909　榮成,109/05/19,"22,535,994","287,575,162",12.45,12.95,12.40,12.80,+0.55,"4,568"
1909　榮成,109/05/20,"5,044,058","63,809,077",12.90,12.95,12.40,12.55,-0.25,"1,700"
1909　榮成,109/05/21,"3,744,695","47,117,812",12.65,12.70,12.45,12.55, 0.00,"1,155"
1909　榮成,109/05/22,"5,966,726","73,418,057",12.55,12.55,12.15,12.20,-0.35,"1,979"
1909　榮成,109/05/25,"3,672,233","44,572,124",12.25,12.30,12.00,12.25,+0.05,"1,052"
1909　榮成,109/05/26,"3,679,086","45,534,358",12.30,12.45,12.25,12.40,+0.15,"1,050"
1909　榮成,109/05/27,"7,631,439","96,218,572",12.50,12.75,12.40,12.60,+0.20,"2,086"
1909　榮成,109/05/28,"31,602,392","420,316,569",12.90,13.70,12.85,13.10,+0.50,"9,163"
1909　榮成,109/05/29,"11,293,946","149,608,679",13.15,13.50,13.10,13.20,+0.10,"3,989"
1909　榮成,109/06/01,"6,145,504","81,136,470",13.15,13.30,13.05,13.25,+0.05,"2,327"
1909　榮成,109/06/02,"5,419,276","72,403,312",13.35,13.45,13.25,13.30,+0.05,"1,512"
1909　榮成,109/06/03,"20,296,043","280,589,281",13.50,14.05,13.50,13.75,+0.45,"6,371"
1909　榮成,109/06/04,"10,075,239","136,670,656",13.95,14.00,13.40,13.45,-0.30,"3,367"
1909　榮成,109/06/05,"5,227,775","71,089,569",13.40,13.80,13.40,13.65,+0.20,"1,440"
1909　榮成,109/06/08,"6,063,219","82,198,432",13.65,13.70,13.40,13.50,-0.15,"1,557"
1909　榮成,109/06/09,"8,169,165","112,409,380",13.60,13.90,13.55,13.90,+0.40,"1,808"
1909　榮成,109/06/10,"27,395,957","386,783,941",14.00,14.45,13.85,13.85,-0.05,"5,507"
1909　榮成,109/06/11,"10,405,059","142,749,856",13.80,14.05,13.50,13.60,-0.25,"2,413"
1909　榮成,109/06/12,"8,334,173","110,510,448",13.05,13.50,13.00,13.45,-0.15,"2,006"
1909　榮成,109/06/15,"19,079,228","267,432,992",13.70,14.40,13.60,13.75,+0.30,"5,977"
1909　榮成,109/06/16,"55,447,369","815,453,783",14.10,15.10,13.90,15.10,+1.35,"12,630"
1909　榮成,109/06/17,"38,954,223","588,456,180",15.40,15.60,14.70,14.75,-0.35,"11,580"
1909　榮成,109/06/18,"14,354,655","213,893,831",15.00,15.20,14.70,14.85,+0.10,"4,344"
1909　榮成,109/06/19,"13,852,548","201,633,109",14.85,14.85,14.40,14.45,-0.40,"4,034"
1909　榮成,109/06/22,"5,552,420","80,076,000",14.45,14.60,14.25,14.55,+0.10,"1,961"
1909　榮成,109/06/23,"6,461,976","93,396,202",14.65,14.75,14.30,14.30,-0.25,"1,769"
1909　榮成,109/06/24,"10,449,492","148,682,731",14.35,14.45,14.15,14.20,-0.10,"1,979"
1909　榮成,109/06/29,"9,636,500","134,624,200",14.10,14.15,13.80,14.00,-0.20,"2,356"
1909　榮成,109/06/30,"4,909,717","69,331,676",14.10,14.25,14.00,14.25,+0.25,"1,299"
1909　榮成,109/07/01,"6,443,312","92,194,517",14.25,14.40,14.15,14.35,+0.10,"1,955"
1909　榮成,109/07/02,"3,246,145","45,891,188",14.15,14.20,14.05,14.15,X0.00,830
1909　榮成,109/07/03,"4,100,348","57,730,201",14.20,14.20,14.00,14.10,-0.05,"1,026"
1909　榮成,109/07/06,"8,723,758","126,111,270",14.20,14.70,14.15,14.70,+0.60,"2,705"
1909　榮成,109/07/07,"6,634,821","96,469,497",14.85,14.95,14.35,14.45,-0.25,"2,121"
1909　榮成,109/07/08,"8,581,781","124,912,495",14.45,14.80,14.35,14.60,+0.15,"3,206"
1909　榮成,109/07/09,"4,666,612","67,852,205",14.75,14.80,14.35,14.40,-0.20,"1,338"
1909　榮成,109/07/10,"6,118,934","85,916,776",14.40,14.40,13.80,13.95,-0.45,"1,659"
1909　榮成,109/07/13,"3,906,720","55,559,369",14.00,14.40,14.00,14.30,+0.35,"1,070"
1909　榮成,109/07/14,"5,057,817","72,773,831",14.25,14.50,14.15,14.30, 0.00,"1,222"
1909　榮成,109/07/15,"21,994,062","328,775,205",14.45,15.45,14.45,14.75,+0.45,"6,069"
1909　榮成,109/07/16,"9,052,121","135,545,626",15.00,15.20,14.65,14.90,+0.15,"2,390"
1909　榮成,109/07/17,"5,867,169","85,862,835",14.75,15.00,14.35,14.45,-0.45,"1,599"
1909　榮成,109/07/20,"13,180,547","196,898,755",14.60,15.30,14.25,15.10,+0.65,"3,460"
1909　榮成,109/07/21,"9,099,121","137,008,790",15.25,15.35,14.90,14.90,-0.20,"2,566"
1909　榮成,109/07/22,"4,648,044","69,329,847",14.85,15.05,14.85,14.90, 0.00,897
1909　榮成,109/07/23,"5,966,832","89,124,940",14.95,15.05,14.85,14.85,-0.05,"1,160"
1909　榮成,109/07/24,"7,824,590","113,703,137",14.85,14.85,14.30,14.35,-0.50,"1,850"
1909　榮成,109/07/27,"4,037,902","57,555,464",14.55,14.65,14.10,14.15,-0.20,"1,234"
1909　榮成,109/07/28,"6,542,181","92,065,498",14.20,14.30,13.85,14.20,+0.05,"1,684"
1909　榮成,109/07/29,"2,656,630","38,221,690",14.20,14.60,14.20,14.30,+0.10,856
1909　榮成,109/07/30,"1,986,622","28,369,875",14.45,14.50,14.20,14.25,-0.05,921
1909　榮成,109/07/31,"5,387,035","78,142,100",14.35,14.70,14.15,14.65,+0.40,"1,243"
1909　榮成,109/08/03,"5,704,995","81,763,417",14.65,14.70,14.15,14.40,-0.25,"1,831"
1909　榮成,109/08/04,"3,211,888","46,024,392",14.40,14.50,14.25,14.30,-0.10,"1,034"
1909　榮成,109/08/05,"2,759,250","39,946,158",14.40,14.60,14.40,14.50,+0.20,791
1909　榮成,109/08/06,"13,463,706","199,768,722",14.75,15.10,14.60,14.90,+0.40,"2,937"
1909　榮成,109/08/07,"4,365,928","65,129,475",15.00,15.05,14.80,14.85,-0.05,"1,418"
1909　榮成,109/08/10,"13,825,086","210,505,326",15.00,15.50,14.90,15.00,+0.15,"3,581"
1909　榮成,109/08/11,"8,396,868","126,638,904",15.10,15.25,14.90,15.05,+0.05,"2,189"
1909　榮成,109/08/12,"4,322,922","64,777,384",15.10,15.15,14.75,14.80,-0.25,"1,364"
1909　榮成,109/08/13,"4,212,233","62,952,479",14.95,15.10,14.80,14.90,+0.10,"1,340"
1909　榮成,109/08/14,"4,469,625","66,936,338",14.80,15.05,14.75,15.00,+0.10,"1,156"
