有價證卷代號及名稱,日期,成交股數,成交金額,開盤價,最高價,最低價,收盤價,漲跌價差,成交筆數
9958　世紀鋼, 99/01/04,"4,360,890","56,228,088",12.50,13.10,12.45,12.80,+0.55,"1,080"
9958　世紀鋼, 99/01/05,"2,189,771","27,249,815",13.00,13.00,12.10,12.25,-0.55,579
9958　世紀鋼, 99/01/06,"1,142,347","14,243,648",12.35,12.60,12.30,12.55,+0.30,325
9958　世紀鋼, 99/01/07,"1,445,763","18,362,654",12.60,12.95,12.30,12.40,-0.15,421
9958　世紀鋼, 99/01/08,"2,009,119","25,198,187",12.30,12.75,12.30,12.60,+0.20,497
9958　世紀鋼, 99/01/11,"4,064,759","53,059,835",12.70,13.30,12.70,13.00,+0.40,993
9958　世紀鋼, 99/01/12,"1,732,979","21,959,837",13.05,13.10,12.40,12.55,-0.45,500
9958　世紀鋼, 99/01/13,"740,618","9,151,487",12.50,12.50,12.30,12.30,-0.25,248
9958　世紀鋼, 99/01/14,"1,975,628","24,764,597",12.30,12.70,12.30,12.60,+0.30,500
9958　世紀鋼, 99/01/15,"2,838,466","36,318,646",12.60,13.00,12.45,12.85,+0.25,700
9958　世紀鋼, 99/01/18,"3,953,506","51,513,778",12.85,13.20,12.70,13.10,+0.25,793
9958　世紀鋼, 99/01/19,"2,577,006","33,843,174",13.40,13.40,12.90,13.05,-0.05,518
9958　世紀鋼, 99/01/20,"3,353,240","44,113,976",13.15,13.35,12.95,13.35,+0.30,656
9958　世紀鋼, 99/01/21,"3,609,795","48,241,785",13.50,13.60,13.05,13.10,-0.25,817
9958　世紀鋼, 99/01/22,"1,401,261","17,587,662",12.50,12.80,12.40,12.50,-0.60,353
9958　世紀鋼, 99/01/25,"1,223,679","15,135,401",12.40,12.80,12.00,12.45,-0.05,298
9958　世紀鋼, 99/01/26,"1,688,000","20,406,550",12.45,12.70,11.65,12.20,-0.25,413
9958　世紀鋼, 99/01/27,"1,158,102","13,739,873",12.20,12.20,11.45,11.45,-0.75,342
9958　世紀鋼, 99/01/28,"753,059","8,952,952",11.60,12.10,11.50,12.00,+0.55,232
9958　世紀鋼, 99/01/29,"1,104,148","13,344,826",11.80,12.25,11.65,12.05,+0.05,284
9958　世紀鋼, 99/02/01,"671,475","8,225,045",12.30,12.45,12.05,12.20,+0.15,228
9958　世紀鋼, 99/02/02,"819,622","9,969,250",12.30,12.45,11.75,11.90,-0.30,248
9958　世紀鋼, 99/02/03,"325,732","3,922,134",11.95,12.20,11.95,12.10,+0.20,113
9958　世紀鋼, 99/02/04,"353,252","4,259,960",12.15,12.15,12.00,12.05,-0.05,106
9958　世紀鋼, 99/02/05,"990,552","11,437,191",11.70,11.90,11.25,11.40,-0.65,266
9958　世紀鋼, 99/02/06,"505,010","5,638,613",11.40,11.70,10.65,11.70,+0.30,166
9958　世紀鋼, 99/02/08,"570,163","6,740,523",11.70,11.90,11.70,11.80,+0.10,163
9958　世紀鋼, 99/02/09,"484,160","5,772,453",11.70,12.10,11.70,12.00,+0.20,133
9958　世紀鋼, 99/02/10,"1,130,390","13,851,788",12.30,12.40,12.15,12.25,+0.25,299
9958　世紀鋼, 99/02/22,"652,170","8,128,141",12.45,12.60,12.35,12.45,+0.20,211
9958　世紀鋼, 99/02/23,"342,180","4,245,122",12.45,12.55,12.20,12.45, 0.00,102
9958　世紀鋼, 99/02/24,"408,790","4,996,616",12.20,12.40,12.20,12.20,-0.25,101
9958　世紀鋼, 99/02/25,"469,376","5,619,460",12.20,12.30,11.75,11.75,-0.45,151
9958　世紀鋼, 99/02/26,"258,873","3,099,488",11.95,12.05,11.80,12.05,+0.30,105
9958　世紀鋼, 99/03/01,"367,782","4,530,917",12.20,12.50,12.15,12.40,+0.35,153
9958　世紀鋼, 99/03/02,"571,710","7,116,411",12.40,12.60,12.25,12.25,-0.15,159
9958　世紀鋼, 99/03/03,"476,222","5,804,264",12.30,12.45,12.00,12.10,-0.15,145
9958　世紀鋼, 99/03/04,"377,138","4,576,640",12.20,12.30,12.05,12.05,-0.05,117
9958　世紀鋼, 99/03/05,"488,653","5,920,332",12.20,12.30,12.05,12.15,+0.10,119
9958　世紀鋼, 99/03/08,"487,162","5,964,976",12.30,12.40,12.15,12.30,+0.15,122
9958　世紀鋼, 99/03/09,"213,162","2,591,044",12.30,12.30,12.05,12.15,-0.15,63
9958　世紀鋼, 99/03/10,"220,000","2,682,600",12.10,12.25,12.10,12.20,+0.05,92
9958　世紀鋼, 99/03/11,"433,240","5,284,465",12.25,12.25,12.10,12.25,+0.05,104
9958　世紀鋼, 99/03/12,"448,231","5,476,518",12.30,12.40,12.10,12.30,+0.05,126
9958　世紀鋼, 99/03/15,"285,231","3,482,845",12.30,12.35,12.10,12.20,-0.10,104
9958　世紀鋼, 99/03/16,"382,528","4,729,346",12.20,12.50,12.10,12.50,+0.30,124
9958　世紀鋼, 99/03/17,"2,227,611","28,293,066",12.50,12.85,12.50,12.65,+0.15,653
9958　世紀鋼, 99/03/18,"942,754","11,950,774",12.70,12.85,12.50,12.50,-0.15,312
9958　世紀鋼, 99/03/19,"701,300","8,719,760",12.50,12.60,12.35,12.35,-0.15,197
9958　世紀鋼, 99/03/22,"429,324","5,283,984",12.25,12.40,12.25,12.40,+0.05,124
9958　世紀鋼, 99/03/23,"628,354","7,698,518",12.40,12.45,12.15,12.30,-0.10,255
9958　世紀鋼, 99/03/24,"1,280,061","15,875,598",12.30,12.60,12.20,12.40,+0.10,408
9958　世紀鋼, 99/03/25,"2,320,681","29,373,612",12.50,12.80,12.40,12.60,+0.20,514
9958　世紀鋼, 99/03/26,"620,509","7,715,135",12.60,12.60,12.35,12.40,-0.20,203
9958　世紀鋼, 99/03/29,"745,246","9,174,075",12.50,12.50,12.20,12.20,-0.20,215
9958　世紀鋼, 99/03/30,"749,145","9,255,326",12.30,12.45,12.20,12.35,+0.15,166
9958　世紀鋼, 99/03/31,"683,631","8,392,727",12.35,12.40,12.20,12.25,-0.10,153
9958　世紀鋼, 99/04/01,"922,570","11,287,643",12.30,12.35,12.15,12.20,-0.05,253
9958　世紀鋼, 99/04/02,"1,313,537","16,292,208",12.20,12.55,12.20,12.50,+0.30,423
9958　世紀鋼, 99/04/06,"1,384,555","17,500,784",12.70,12.75,12.50,12.60,+0.10,399
9958　世紀鋼, 99/04/07,"715,446","8,983,930",12.70,12.70,12.40,12.45,-0.15,163
9958　世紀鋼, 99/04/08,"482,502","5,993,074",12.40,12.55,12.30,12.30,-0.15,187
9958　世紀鋼, 99/04/09,"392,180","4,842,562",12.45,12.45,12.30,12.35,+0.05,114
9958　世紀鋼, 99/04/12,"1,386,245","17,207,261",12.35,12.60,12.15,12.55,+0.20,424
9958　世紀鋼, 99/04/13,"546,415","6,805,346",12.55,12.55,12.30,12.30,-0.25,164
9958　世紀鋼, 99/04/14,"565,992","7,016,101",12.40,12.50,12.35,12.40,+0.10,172
9958　世紀鋼, 99/04/15,"815,416","10,145,524",12.50,12.55,12.35,12.40, 0.00,275
9958　世紀鋼, 99/04/16,"686,299","8,463,487",12.40,12.55,12.25,12.35,-0.05,217
9958　世紀鋼, 99/04/19,"969,600","11,607,428",12.15,12.25,11.60,11.65,-0.70,350
9958　世紀鋼, 99/04/20,"494,437","5,769,688",11.60,11.85,11.45,11.75,+0.10,181
9958　世紀鋼, 99/04/21,"311,974","3,683,793",11.60,11.95,11.60,11.80,+0.05,130
9958　世紀鋼, 99/04/22,"226,099","2,641,058",11.75,11.80,11.60,11.80, 0.00,96
9958　世紀鋼, 99/04/23,"287,117","3,381,979",11.90,11.90,11.70,11.80, 0.00,98
9958　世紀鋼, 99/04/26,"561,810","6,632,667",11.80,11.90,11.75,11.75,-0.05,141
9958　世紀鋼, 99/04/27,"523,514","6,087,635",11.75,11.80,11.50,11.55,-0.20,164
9958　世紀鋼, 99/04/28,"791,200","8,915,450",11.20,11.45,11.00,11.45,-0.10,183
9958　世紀鋼, 99/04/29,"486,180","5,615,920",11.55,11.65,11.45,11.50,+0.05,166
9958　世紀鋼, 99/04/30,"522,271","6,020,989",11.65,11.65,11.30,11.50, 0.00,151
9958　世紀鋼, 99/05/03,"674,677","7,515,575",11.20,11.40,11.05,11.10,-0.40,235
9958　世紀鋼, 99/05/04,"415,372","4,633,553",11.20,11.30,11.05,11.20,+0.10,115
9958　世紀鋼, 99/05/05,"427,000","4,637,350",11.00,11.10,10.75,10.85,-0.35,138
9958　世紀鋼, 99/05/06,"595,000","6,230,400",10.70,10.85,10.15,10.35,-0.50,192
9958　世紀鋼, 99/05/07,"449,295","4,497,776",9.85,10.25,9.80,10.10,-0.25,146
9958　世紀鋼, 99/05/10,"238,000","2,456,250",10.10,10.45,10.10,10.45,+0.35,90
9958　世紀鋼, 99/05/11,"360,029","3,850,857",10.60,10.75,10.60,10.70,+0.25,114
9958　世紀鋼, 99/05/12,"341,241","3,698,188",10.75,10.90,10.75,10.90,+0.20,113
9958　世紀鋼, 99/05/13,"394,094","4,360,480",10.90,11.15,10.90,11.15,+0.25,100
9958　世紀鋼, 99/05/14,"235,200","2,626,340",11.15,11.20,11.10,11.20,+0.05,62
9958　世紀鋼, 99/05/17,"485,000","5,353,500",11.20,11.20,10.90,11.00,-0.20,73
9958　世紀鋼, 99/05/18,"423,540","4,660,395",11.00,11.05,10.90,11.05,+0.05,93
9958　世紀鋼, 99/05/19,"236,060","2,611,210",11.00,11.15,11.00,11.10,+0.05,86
9958　世紀鋼, 99/05/20,"191,088","2,110,268",11.05,11.15,10.95,11.10, 0.00,53
9958　世紀鋼, 99/05/21,"533,934","5,590,857",10.70,10.80,10.35,10.50,-0.60,126
9958　世紀鋼, 99/05/24,"197,308","2,101,214",10.60,10.70,10.60,10.70,+0.20,63
9958　世紀鋼, 99/05/25,"420,624","4,346,413",10.15,10.60,10.15,10.20,-0.50,95
9958　世紀鋼, 99/05/26,"201,120","2,065,886",10.20,10.45,10.20,10.40,+0.20,59
9958　世紀鋼, 99/05/27,"284,060","2,965,030",10.20,10.60,10.20,10.60,+0.20,61
9958　世紀鋼, 99/05/28,"270,060","2,880,080",10.60,10.75,10.60,10.60, 0.00,88
9958　世紀鋼, 99/05/31,"134,030","1,428,172",10.55,10.70,10.55,10.70,+0.10,45
9958　世紀鋼, 99/06/01,"109,150","1,174,139",10.70,10.90,10.65,10.75,+0.05,57
9958　世紀鋼, 99/06/02,"92,000","977,550",10.55,10.75,10.50,10.70,-0.05,30
9958　世紀鋼, 99/06/03,"155,000","1,666,050",10.90,10.90,10.70,10.75,+0.05,55
9958　世紀鋼, 99/06/04,"134,180","1,433,176",10.80,10.80,10.60,10.70,-0.05,42
9958　世紀鋼, 99/06/07,"108,589","1,126,313",10.50,10.50,10.15,10.45,-0.25,61
9958　世紀鋼, 99/06/08,"152,235","1,586,249",10.40,10.55,10.30,10.45, 0.00,64
9958　世紀鋼, 99/06/09,"155,060","1,609,718",10.45,10.45,10.30,10.40,-0.05,49
9958　世紀鋼, 99/06/10,"101,180","1,052,931",10.40,10.45,10.35,10.45,+0.05,33
9958　世紀鋼, 99/06/11,"85,150","896,374",10.60,10.70,10.45,10.50,+0.05,41
9958　世紀鋼, 99/06/14,"228,181","2,396,549",10.50,10.70,10.40,10.50, 0.00,54
9958　世紀鋼, 99/06/15,"205,021","2,164,674",10.60,10.65,10.50,10.60,+0.10,47
9958　世紀鋼, 99/06/17,"259,338","2,750,298",10.60,10.65,10.55,10.65,+0.05,69
9958　世紀鋼, 99/06/18,"105,000","1,111,850",10.65,10.65,10.55,10.55,-0.10,40
9958　世紀鋼, 99/06/21,"221,030","2,346,217",10.65,10.70,10.55,10.70,+0.15,71
9958　世紀鋼, 99/06/22,"326,000","3,465,650",10.70,10.70,10.55,10.65,-0.05,72
9958　世紀鋼, 99/06/23,"123,629","1,306,691",10.60,10.60,10.50,10.50,-0.15,33
9958　世紀鋼, 99/06/24,"279,514","2,957,347",10.50,10.65,10.50,10.65,+0.15,93
9958　世紀鋼, 99/06/25,"156,000","1,641,650",10.55,10.60,10.45,10.50,-0.15,44
9958　世紀鋼, 99/06/28,"199,060","2,092,636",10.55,10.60,10.40,10.60,+0.10,61
9958　世紀鋼, 99/06/29,"175,271","1,851,045",10.60,10.65,10.45,10.60, 0.00,44
9958　世紀鋼, 99/06/30,"136,679","1,425,161",10.40,10.50,10.35,10.50,-0.10,55
9958　世紀鋼, 99/07/01,"194,100","2,029,080",10.50,10.55,10.35,10.40,-0.10,54
9958　世紀鋼, 99/07/02,"139,000","1,448,950",10.40,10.50,10.35,10.45,+0.05,45
9958　世紀鋼, 99/07/05,"147,641","1,541,580",10.45,10.50,10.40,10.50,+0.05,46
9958　世紀鋼, 99/07/06,"205,000","2,147,850",10.50,10.55,10.40,10.50, 0.00,58
9958　世紀鋼, 99/07/07,"200,210","2,101,905",10.55,10.55,10.45,10.55,+0.05,67
9958　世紀鋼, 99/07/08,"281,859","2,979,310",10.55,10.60,10.55,10.60,+0.05,90
9958　世紀鋼, 99/07/09,"368,029","3,893,355",10.60,10.65,10.50,10.50,-0.10,94
9958　世紀鋼, 99/07/12,"190,157","2,000,782",10.55,10.60,10.50,10.50, 0.00,55
9958　世紀鋼, 99/07/13,"183,783","1,930,021",10.55,10.55,10.45,10.45,-0.05,44
9958　世紀鋼, 99/07/14,"154,675","1,625,969",10.50,10.55,10.50,10.50,+0.05,53
9958　世紀鋼, 99/07/15,"316,269","3,318,768",10.50,10.55,10.45,10.45,-0.05,83
9958　世紀鋼, 99/07/16,"103,500","1,080,149",10.50,10.50,10.40,10.40,-0.05,40
9958　世紀鋼, 99/07/19,"180,283","1,874,143",10.35,10.50,10.35,10.50,+0.10,62
9958　世紀鋼, 99/07/20,"152,616","1,597,073",10.50,10.50,10.35,10.35,-0.15,50
9958　世紀鋼, 99/07/21,"251,861","2,627,846",10.45,10.50,10.40,10.45,+0.10,58
9958　世紀鋼, 99/07/22,"164,661","1,714,973",10.45,10.50,10.40,10.40,-0.05,48
9958　世紀鋼, 99/07/23,"272,239","2,840,046",10.45,10.50,10.40,10.45,+0.05,57
9958　世紀鋼, 99/07/26,"1,288,030","13,657,468",10.45,10.75,10.40,10.60,+0.15,327
9958　世紀鋼, 99/07/27,"487,163","5,143,119",10.60,10.70,10.45,10.45,-0.15,135
9958　世紀鋼, 99/07/28,"307,344","3,245,794",10.50,10.65,10.50,10.55,+0.10,77
9958　世紀鋼, 99/07/29,"268,614","2,824,734",10.60,10.60,10.45,10.50,-0.05,92
9958　世紀鋼, 99/07/30,"2,220,325","24,071,377",10.55,10.95,10.55,10.80,+0.30,536
9958　世紀鋼, 99/08/02,"585,743","6,322,699",10.85,10.90,10.70,10.80, 0.00,158
9958　世紀鋼, 99/08/03,"962,058","10,525,676",10.95,11.00,10.80,10.90,+0.10,238
9958　世紀鋼, 99/08/04,"336,060","3,654,492",10.90,10.95,10.80,10.85,-0.05,110
9958　世紀鋼, 99/08/05,"425,411","4,604,676",10.85,10.90,10.75,10.75,-0.10,118
9958　世紀鋼, 99/08/06,"221,167","2,383,627",10.75,10.85,10.75,10.75, 0.00,69
9958　世紀鋼, 99/08/09,"798,931","8,773,191",10.85,11.10,10.75,11.10,+0.35,181
9958　世紀鋼, 99/08/10,"503,243","5,546,448",11.15,11.20,10.85,11.00,-0.10,166
9958　世紀鋼, 99/08/11,"201,866","2,199,352",10.95,11.00,10.85,10.90,-0.10,77
9958　世紀鋼, 99/08/12,"253,213","2,733,461",10.80,10.85,10.75,10.85,-0.05,63
9958　世紀鋼, 99/08/13,"295,850","3,215,950",10.90,10.95,10.80,10.90,+0.05,96
9958　世紀鋼, 99/08/16,"352,210","3,838,227",10.90,10.95,10.80,10.95,+0.05,94
9958　世紀鋼, 99/08/17,"560,090","6,185,240",11.00,11.10,10.95,11.10,+0.15,140
9958　世紀鋼, 99/08/18,"395,740","4,386,324",11.10,11.15,11.00,11.15,+0.05,136
9958　世紀鋼, 99/08/19,"541,370","6,030,056",11.20,11.25,10.95,11.20,+0.05,129
9958　世紀鋼, 99/08/20,"162,230","1,798,530",11.20,11.20,11.00,11.15,-0.05,61
9958　世紀鋼, 99/08/23,"283,760","3,153,911",11.05,11.20,11.05,11.10,-0.05,86
9958　世紀鋼, 99/08/24,"1,363,095","15,306,552",11.10,11.35,11.10,11.20,+0.10,256
9958　世紀鋼, 99/08/25,"503,513","5,542,443",11.20,11.20,10.85,11.00,-0.20,158
9958　世紀鋼, 99/08/26,"437,000","4,786,950",10.90,11.05,10.85,11.05,+0.05,128
9958　世紀鋼, 99/08/27,"241,100","2,652,204",10.90,11.05,10.90,11.05, 0.00,54
9958　世紀鋼, 99/08/30,"514,514","5,641,728",11.00,11.05,10.85,11.05, 0.00,140
9958　世紀鋼, 99/08/31,"356,391","3,864,801",10.90,11.00,10.70,10.90,-0.15,122
9958　世紀鋼, 99/09/01,"270,296","2,948,196",10.80,10.95,10.80,10.90, 0.00,66
9958　世紀鋼, 99/09/02,"438,194","4,780,134",10.95,10.95,10.80,10.90, 0.00,87
9958　世紀鋼, 99/09/03,"308,270","3,341,316",10.90,10.90,10.80,10.80,-0.10,87
9958　世紀鋼, 99/09/06,"415,795","4,497,042",10.80,10.90,10.75,10.90,+0.10,126
9958　世紀鋼, 99/09/07,"1,259,587","13,924,814",10.90,11.15,10.90,11.10,+0.20,322
9958　世紀鋼, 99/09/08,"324,030","3,566,338",11.10,11.15,10.85,11.15,+0.05,115
9958　世紀鋼, 99/09/09,"436,020","4,804,370",11.15,11.15,10.95,11.10,-0.05,122
9958　世紀鋼, 99/09/10,"619,720","6,821,143",11.00,11.15,10.95,10.95,-0.15,197
9958　世紀鋼, 99/09/13,"757,602","7,819,218",10.25,10.40,10.20,10.35,X0.00,220
9958　世紀鋼, 99/09/14,"322,380","3,322,801",10.35,10.40,10.25,10.35, 0.00,95
9958　世紀鋼, 99/09/15,"504,720","5,205,900",10.35,10.40,10.20,10.35, 0.00,124
9958　世紀鋼, 99/09/16,"114,863","1,176,444",10.30,10.35,10.20,10.25,-0.10,60
9958　世紀鋼, 99/09/17,"190,480","1,955,748",10.30,10.30,10.20,10.25, 0.00,68
9958　世紀鋼, 99/09/20,"355,200","3,642,549",10.25,10.30,10.20,10.25, 0.00,100
9958　世紀鋼, 99/09/21,"378,610","3,848,922",10.25,10.25,10.10,10.15,-0.10,110
9958　世紀鋼, 99/09/23,"201,060","2,028,706",10.15,10.20,10.05,10.10,-0.05,66
9958　世紀鋼, 99/09/24,"184,240","1,861,924",10.15,10.15,10.05,10.10, 0.00,59
9958　世紀鋼, 99/09/27,"256,662","2,589,970",10.10,10.15,10.05,10.05,-0.05,72
9958　世紀鋼, 99/09/28,"293,596","2,950,060",10.05,10.10,9.97,10.10,+0.05,83
9958　世紀鋼, 99/09/29,"504,860","5,044,030",10.10,10.10,9.90,9.92,-0.18,149
9958　世紀鋼, 99/09/30,"291,943","2,920,920",9.92,10.05,9.92,9.96,+0.04,98
9958　世紀鋼, 99/10/01,"300,000","3,010,040",10.00,10.15,9.99,10.05,+0.09,89
9958　世紀鋼, 99/10/04,"305,811","3,085,547",10.10,10.15,10.05,10.15,+0.10,82
9958　世紀鋼, 99/10/05,"187,311","1,894,260",10.15,10.15,10.05,10.15, 0.00,44
9958　世紀鋼, 99/10/06,"1,431,350","14,766,405",10.15,10.45,10.10,10.40,+0.25,269
9958　世紀鋼, 99/10/07,"328,261","3,389,761",10.40,10.45,10.20,10.35,-0.05,96
9958　世紀鋼, 99/10/08,"215,546","2,196,273",10.35,10.35,10.10,10.25,-0.10,64
9958　世紀鋼, 99/10/11,"272,176","2,762,377",10.25,10.25,10.05,10.20,-0.05,89
9958　世紀鋼, 99/10/12,"210,360","2,122,400",10.15,10.20,10.05,10.05,-0.15,61
9958　世紀鋼, 99/10/13,"213,000","2,142,250",10.05,10.15,10.00,10.15,+0.10,64
9958　世紀鋼, 99/10/14,"206,650","2,087,129",10.15,10.20,10.00,10.15, 0.00,74
9958　世紀鋼, 99/10/15,"188,420","1,891,850",10.15,10.15,10.00,10.05,-0.10,49
9958　世紀鋼, 99/10/18,"203,200","2,039,060",10.00,10.10,9.96,10.10,+0.05,59
9958　世紀鋼, 99/10/19,"153,240","1,539,200",10.00,10.10,10.00,10.10, 0.00,43
9958　世紀鋼, 99/10/20,"452,726","4,560,980",9.93,10.15,9.93,10.10, 0.00,73
9958　世紀鋼, 99/10/21,"133,815","1,345,339",10.10,10.15,10.00,10.05,-0.05,39
9958　世紀鋼, 99/10/22,"123,060","1,238,846",10.05,10.10,9.97,10.10,+0.05,48
9958　世紀鋼, 99/10/25,"139,091","1,405,628",10.10,10.15,10.05,10.05,-0.05,45
9958　世紀鋼, 99/10/26,"237,030","2,395,650",10.05,10.15,10.05,10.15,+0.10,54
9958　世紀鋼, 99/10/27,"227,759","2,310,217",10.15,10.20,10.10,10.20,+0.05,49
9958　世紀鋼, 99/10/28,"179,618","1,816,135",10.20,10.20,10.05,10.10,-0.10,77
9958　世紀鋼, 99/10/29,"318,912","3,208,603",10.15,10.15,10.00,10.10, 0.00,96
9958　世紀鋼, 99/11/01,"235,838","2,370,730",10.05,10.10,10.00,10.05,-0.05,114
9958　世紀鋼, 99/11/02,"338,542","3,397,120",10.10,10.10,10.00,10.10,+0.05,88
9958　世紀鋼, 99/11/03,"351,225","3,508,940",10.00,10.10,9.90,9.99,-0.11,94
9958　世紀鋼, 99/11/04,"353,451","3,536,700",9.95,10.05,9.95,10.00,+0.01,95
9958　世紀鋼, 99/11/05,"101,822","1,017,720",10.00,10.00,9.96,10.00, 0.00,55
9958　世紀鋼, 99/11/08,"220,284","2,202,803",10.05,10.05,9.97,9.99,-0.01,41
9958　世紀鋼, 99/11/09,"99,238","990,924",9.98,10.00,9.97,9.98,-0.01,34
9958　世紀鋼, 99/11/10,"817,901","8,282,609",9.99,10.25,9.99,10.15,+0.17,209
9958　世紀鋼, 99/11/11,"156,160","1,578,405",10.20,10.20,10.00,10.15, 0.00,57
9958　世紀鋼, 99/11/12,"239,901","2,413,710",10.00,10.15,10.00,10.15, 0.00,58
9958　世紀鋼, 99/11/15,"299,131","2,997,370",10.10,10.10,9.98,10.05,-0.10,77
9958　世紀鋼, 99/11/16,"360,135","3,603,394",10.05,10.10,9.95,10.05, 0.00,78
9958　世紀鋼, 99/11/17,"318,970","3,180,339",9.97,10.05,9.93,10.00,-0.05,62
9958　世紀鋼, 99/11/18,"229,460","2,292,500",9.95,10.05,9.95,9.95,-0.05,45
9958　世紀鋼, 99/11/19,"120,677","1,206,020",10.00,10.05,9.95,10.00,+0.05,41
9958　世紀鋼, 99/11/22,"94,925","951,380",10.05,10.05,9.97,10.05,+0.05,36
9958　世紀鋼, 99/11/23,"116,944","1,172,696",10.00,10.10,9.98,10.00,-0.05,44
9958　世紀鋼, 99/11/24,"387,150","3,880,910",10.00,10.10,9.96,10.10,+0.10,76
9958　世紀鋼, 99/11/25,"144,345","1,451,968",10.10,10.15,9.97,10.05,-0.05,42
9958　世紀鋼, 99/11/26,"138,553","1,386,441",10.00,10.05,9.97,10.00,-0.05,31
9958　世紀鋼, 99/11/29,"172,007","1,724,090",10.00,10.05,9.97,10.05,+0.05,56
9958　世紀鋼, 99/11/30,"110,550","1,105,839",9.99,10.05,9.98,10.00,-0.05,44
9958　世紀鋼, 99/12/01,"188,650","1,886,600",10.05,10.05,9.98,9.99,-0.01,50
9958　世紀鋼, 99/12/02,"1,880,318","19,151,069",10.00,10.35,9.98,10.15,+0.16,281
9958　世紀鋼, 99/12/03,"443,276","4,475,360",10.15,10.20,10.00,10.10,-0.05,124
9958　世紀鋼, 99/12/06,"324,194","3,277,696",10.10,10.20,10.00,10.15,+0.05,91
9958　世紀鋼, 99/12/07,"388,035","3,936,400",10.10,10.20,10.05,10.10,-0.05,99
9958　世紀鋼, 99/12/08,"197,417","1,996,520",10.10,10.15,10.05,10.10, 0.00,62
9958　世紀鋼, 99/12/09,"554,595","5,667,782",10.10,10.30,10.10,10.15,+0.05,154
9958　世紀鋼, 99/12/10,"187,222","1,890,620",10.10,10.15,10.05,10.10,-0.05,61
9958　世紀鋼, 99/12/13,"257,580","2,590,674",10.00,10.10,10.00,10.05,-0.05,67
9958　世紀鋼, 99/12/14,"301,579","3,049,914",10.10,10.15,10.05,10.15,+0.10,89
9958　世紀鋼, 99/12/15,"275,760","2,791,424",10.20,10.20,10.05,10.10,-0.05,80
9958　世紀鋼, 99/12/16,"343,528","3,469,881",10.15,10.15,10.05,10.15,+0.05,76
9958　世紀鋼, 99/12/17,"582,343","5,881,078",10.15,10.15,10.05,10.15, 0.00,106
9958　世紀鋼, 99/12/20,"904,600","9,207,659",10.15,10.25,10.10,10.20,+0.05,165
9958　世紀鋼, 99/12/21,"1,317,730","13,586,828",10.20,10.45,10.20,10.25,+0.05,270
9958　世紀鋼, 99/12/22,"464,894","4,761,060",10.30,10.30,10.15,10.30,+0.05,123
9958　世紀鋼, 99/12/23,"589,355","6,068,104",10.30,10.35,10.20,10.30, 0.00,125
9958　世紀鋼, 99/12/24,"455,734","4,653,597",10.30,10.30,10.15,10.15,-0.15,83
9958　世紀鋼, 99/12/27,"626,438","6,374,292",10.15,10.25,10.10,10.25,+0.10,123
9958　世紀鋼, 99/12/28,"465,830","4,741,655",10.25,10.30,10.10,10.30,+0.05,84
9958　世紀鋼, 99/12/29,"620,047","6,299,625",10.15,10.25,10.10,10.20,-0.10,106
9958　世紀鋼, 99/12/30,"372,991","3,788,305",10.20,10.20,10.10,10.20, 0.00,74
9958　世紀鋼, 99/12/31,"603,507","6,107,718",10.20,10.20,10.10,10.10,-0.10,113
9958　世紀鋼,100/01/03,"1,728,530","17,787,283",10.10,10.40,10.10,10.40,+0.30,396
9958　世紀鋼,100/01/04,"716,595","7,414,877",10.40,10.45,10.30,10.40, 0.00,188
9958　世紀鋼,100/01/05,"2,262,984","23,805,726",10.40,10.70,10.35,10.55,+0.15,492
9958　世紀鋼,100/01/06,"723,913","7,660,223",10.55,10.70,10.40,10.60,+0.05,218
9958　世紀鋼,100/01/07,"639,296","6,679,758",10.60,10.60,10.35,10.50,-0.10,156
9958　世紀鋼,100/01/10,"539,351","5,616,798",10.50,10.50,10.35,10.50, 0.00,112
9958　世紀鋼,100/01/11,"430,438","4,481,465",10.50,10.50,10.35,10.35,-0.15,103
9958　世紀鋼,100/01/12,"681,300","7,055,890",10.35,10.45,10.30,10.40,+0.05,132
9958　世紀鋼,100/01/13,"1,085,391","11,291,093",10.40,10.50,10.30,10.45,+0.05,185
9958　世紀鋼,100/01/14,"375,997","3,893,518",10.45,10.45,10.30,10.40,-0.05,76
9958　世紀鋼,100/01/17,"556,734","5,734,123",10.40,10.40,10.25,10.25,-0.15,101
9958　世紀鋼,100/01/18,"429,450","4,425,260",10.25,10.35,10.25,10.35,+0.10,81
9958　世紀鋼,100/01/19,"255,252","2,634,181",10.35,10.35,10.25,10.35, 0.00,62
9958　世紀鋼,100/01/20,"668,099","6,844,460",10.25,10.35,10.15,10.35, 0.00,114
9958　世紀鋼,100/01/21,"633,100","6,443,465",10.25,10.25,10.15,10.15,-0.20,91
9958　世紀鋼,100/01/24,"106,412","1,082,470",10.20,10.20,10.10,10.10,-0.05,48
9958　世紀鋼,100/01/25,"611,189","6,180,990",10.20,10.20,10.05,10.10, 0.00,109
9958　世紀鋼,100/01/26,"862,794","8,841,698",10.10,10.35,10.10,10.30,+0.20,226
9958　世紀鋼,100/01/27,"347,506","3,551,682",10.30,10.30,10.15,10.25,-0.05,84
9958　世紀鋼,100/01/28,"336,700","3,446,770",10.30,10.30,10.15,10.20,-0.05,71
9958　世紀鋼,100/02/08,"840,200","8,690,847",10.25,10.45,10.20,10.30,+0.10,212
9958　世紀鋼,100/02/09,"3,532,003","38,056,233",10.35,11.00,10.20,11.00,+0.70,889
9958　世紀鋼,100/02/10,"3,468,036","40,651,600",11.70,11.75,11.50,11.75,+0.75,802
9958　世紀鋼,100/02/11,"12,324,192","149,872,669",12.25,12.50,11.75,12.35,+0.60,"3,349"
9958　世紀鋼,100/02/14,"7,228,695","92,284,991",12.50,13.00,12.50,12.90,+0.55,"2,181"
9958　世紀鋼,100/02/15,"4,508,031","56,063,714",13.00,13.05,12.00,12.35,-0.55,"1,299"
9958　世紀鋼,100/02/16,"3,668,025","43,880,440",12.35,12.35,11.75,12.00,-0.35,940
9958　世紀鋼,100/02/17,"8,820,254","111,419,711",12.00,12.80,11.80,12.80,+0.80,"2,045"
9958　世紀鋼,100/02/18,"10,848,070","143,186,203",12.85,13.65,12.45,13.30,+0.50,"3,102"
9958　世紀鋼,100/02/21,"5,479,069","73,334,951",13.25,13.75,12.90,13.35,+0.05,"1,900"
9958　世紀鋼,100/02/22,"3,620,921","47,725,578",13.15,13.70,12.80,13.60,+0.25,"1,174"
9958　世紀鋼,100/02/23,"4,198,207","54,797,418",13.30,13.75,12.65,12.65,-0.95,"1,260"
9958　世紀鋼,100/02/24,"2,301,211","28,538,022",12.30,12.65,12.10,12.25,-0.40,832
9958　世紀鋼,100/02/25,"1,748,349","21,494,571",12.50,12.60,12.00,12.25, 0.00,635
9958　世紀鋼,100/03/01,"1,211,959","14,969,648",12.55,12.60,12.20,12.30,+0.05,400
9958　世紀鋼,100/03/02,"979,409","11,901,565",12.25,12.40,12.00,12.00,-0.30,335
9958　世紀鋼,100/03/03,"1,016,273","12,234,376",12.00,12.20,11.95,12.00, 0.00,371
9958　世紀鋼,100/03/04,"1,025,805","12,319,866",12.10,12.35,11.75,11.85,-0.15,355
9958　世紀鋼,100/03/07,"1,395,800","15,986,779",11.75,11.80,11.30,11.35,-0.50,456
9958　世紀鋼,100/03/08,"968,585","11,032,718",11.10,11.65,11.10,11.40,+0.05,328
9958　世紀鋼,100/03/09,"921,770","10,612,288",11.45,11.65,11.40,11.45,+0.05,270
9958　世紀鋼,100/03/10,"655,037","7,452,038",11.50,11.55,11.25,11.25,-0.20,173
9958　世紀鋼,100/03/11,"849,885","9,499,849",11.10,11.35,11.10,11.30,+0.05,225
9958　世紀鋼,100/03/14,"5,350,412","64,338,109",12.05,12.05,11.70,12.05,+0.75,"1,220"
9958　世紀鋼,100/03/15,"4,092,907","47,645,010",12.05,12.20,11.25,11.70,-0.35,"1,179"
9958　世紀鋼,100/03/16,"1,338,500","15,529,449",11.60,11.80,11.35,11.70, 0.00,465
9958　世紀鋼,100/03/17,"1,090,250","12,462,025",11.40,11.65,11.25,11.25,-0.45,300
9958　世紀鋼,100/03/18,"996,793","11,401,974",11.30,11.60,11.30,11.45,+0.20,302
9958　世紀鋼,100/03/21,"843,050","9,775,770",11.50,11.80,11.45,11.50,+0.05,297
9958　世紀鋼,100/03/22,"737,792","8,469,527",11.75,11.75,11.35,11.50, 0.00,224
9958　世紀鋼,100/03/23,"445,489","5,091,672",11.50,11.60,11.30,11.40,-0.10,154
9958　世紀鋼,100/03/24,"511,000","5,843,250",11.40,11.60,11.35,11.35,-0.05,199
9958　世紀鋼,100/03/25,"547,200","6,225,067",11.40,11.45,11.30,11.45,+0.10,201
9958　世紀鋼,100/03/28,"563,200","6,355,289",11.40,11.40,11.20,11.25,-0.20,189
9958　世紀鋼,100/03/29,"631,083","7,171,395",11.30,11.50,11.25,11.50,+0.25,235
9958　世紀鋼,100/03/30,"5,240,164","63,839,403",11.80,12.30,11.80,12.30,+0.80,"1,546"
9958　世紀鋼,100/03/31,"1,977,561","23,948,048",12.45,12.45,11.90,12.00,-0.30,677
9958　世紀鋼,100/04/01,"1,149,657","13,620,786",12.10,12.15,11.65,11.70,-0.30,445
9958　世紀鋼,100/04/06,"1,047,412","12,210,067",11.75,11.85,11.55,11.80,+0.10,368
9958　世紀鋼,100/04/07,"516,600","6,044,188",11.80,11.85,11.60,11.75,-0.05,221
9958　世紀鋼,100/04/08,"748,263","8,718,424",11.60,11.75,11.60,11.60,-0.15,252
9958　世紀鋼,100/04/11,"600,300","6,906,480",11.70,11.70,11.45,11.65,+0.05,209
9958　世紀鋼,100/04/12,"661,500","7,571,949",11.60,11.60,11.15,11.50,-0.15,214
9958　世紀鋼,100/04/13,"455,400","5,279,439",11.50,11.75,11.40,11.70,+0.20,164
9958　世紀鋼,100/04/14,"375,629","4,368,445",11.70,11.70,11.55,11.70, 0.00,149
9958　世紀鋼,100/04/15,"615,713","7,097,448",11.70,11.70,11.40,11.50,-0.20,193
9958　世紀鋼,100/04/18,"585,550","6,680,246",11.50,11.55,11.30,11.55,+0.05,178
9958　世紀鋼,100/04/19,"380,878","4,360,521",11.50,11.55,11.35,11.45,-0.10,112
9958　世紀鋼,100/04/20,"469,476","5,364,427",11.40,11.50,11.35,11.45, 0.00,146
9958　世紀鋼,100/04/21,"572,635","6,547,588",11.60,11.60,11.35,11.50,+0.05,223
9958　世紀鋼,100/04/22,"529,039","6,038,985",11.50,11.60,11.30,11.35,-0.15,192
9958　世紀鋼,100/04/25,"363,231","4,146,720",11.40,11.50,11.35,11.45,+0.10,135
9958　世紀鋼,100/04/26,"330,166","3,761,765",11.40,11.45,11.35,11.40,-0.05,107
9958　世紀鋼,100/04/27,"473,765","5,435,569",11.40,11.60,11.35,11.50,+0.10,170
9958　世紀鋼,100/04/28,"334,737","3,855,225",11.50,11.60,11.35,11.40,-0.10,144
9958　世紀鋼,100/04/29,"585,503","6,620,833",11.40,11.50,11.20,11.20,-0.20,182
9958　世紀鋼,100/05/03,"1,200,256","13,963,678",11.25,11.90,11.25,11.55,+0.35,389
9958　世紀鋼,100/05/04,"529,494","6,087,879",11.40,11.70,11.30,11.60,+0.05,157
9958　世紀鋼,100/05/05,"374,244","4,322,317",11.55,11.70,11.45,11.45,-0.15,129
9958　世紀鋼,100/05/06,"404,707","4,636,180",11.40,11.55,11.35,11.45, 0.00,112
9958　世紀鋼,100/05/09,"391,302","4,462,241",11.55,11.55,11.30,11.45, 0.00,143
9958　世紀鋼,100/05/10,"233,497","2,669,364",11.45,11.50,11.35,11.45, 0.00,84
9958　世紀鋼,100/05/11,"260,650","2,963,080",11.50,11.50,11.30,11.30,-0.15,103
9958　世紀鋼,100/05/12,"429,238","4,853,037",11.30,11.50,11.20,11.40,+0.10,141
9958　世紀鋼,100/05/13,"206,231","2,332,194",11.30,11.40,11.25,11.40, 0.00,82
9958　世紀鋼,100/05/16,"210,632","2,373,558",11.30,11.40,11.20,11.25,-0.15,73
9958　世紀鋼,100/05/17,"257,541","2,874,501",11.10,11.25,11.10,11.15,-0.10,77
9958　世紀鋼,100/05/18,"165,100","1,847,510",11.10,11.30,11.10,11.20,+0.05,67
9958　世紀鋼,100/05/19,"244,262","2,724,157",11.25,11.25,11.10,11.20, 0.00,87
9958　世紀鋼,100/05/20,"144,250","1,614,600",11.20,11.30,11.10,11.15,-0.05,57
9958　世紀鋼,100/05/23,"870,060","9,437,994",11.20,11.20,10.45,10.75,-0.40,224
9958　世紀鋼,100/05/24,"811,700","8,498,779",10.60,10.85,10.10,10.80,+0.05,216
9958　世紀鋼,100/05/25,"248,500","2,640,799",10.80,10.80,10.50,10.70,-0.10,95
9958　世紀鋼,100/05/26,"186,792","1,981,744",10.60,10.70,10.50,10.70, 0.00,71
9958　世紀鋼,100/05/27,"165,715","1,779,814",10.70,10.85,10.65,10.75,+0.05,59
9958　世紀鋼,100/05/30,"145,754","1,572,416",10.55,10.85,10.55,10.80,+0.05,59
9958　世紀鋼,100/05/31,"82,000","880,850",10.85,10.90,10.65,10.65,-0.15,48
9958　世紀鋼,100/06/01,"220,081","2,358,507",10.75,10.80,10.65,10.65, 0.00,79
9958　世紀鋼,100/06/02,"218,378","2,306,181",10.65,10.70,10.50,10.50,-0.15,85
9958　世紀鋼,100/06/03,"167,667","1,770,986",10.50,10.80,10.50,10.50, 0.00,58
9958　世紀鋼,100/06/07,"108,702","1,139,340",10.45,10.55,10.45,10.45,-0.05,47
9958　世紀鋼,100/06/08,"82,081","860,508",10.45,10.55,10.45,10.45, 0.00,35
9958　世紀鋼,100/06/09,"177,030","1,835,968",10.45,10.45,10.30,10.30,-0.15,72
9958　世紀鋼,100/06/10,"430,000","4,421,600",10.30,10.45,10.15,10.15,-0.15,151
9958　世紀鋼,100/06/13,"249,250","2,526,012",10.15,10.25,10.05,10.20,+0.05,84
9958　世紀鋼,100/06/14,"273,250","2,772,775",10.40,10.40,10.00,10.30,+0.10,103
9958　世紀鋼,100/06/15,"231,413","2,369,315",10.20,10.35,10.15,10.30, 0.00,86
9958　世紀鋼,100/06/16,"203,551","2,058,341",10.15,10.15,10.05,10.15,-0.15,63
9958　世紀鋼,100/06/17,"138,000","1,397,150",10.10,10.20,10.10,10.10,-0.05,55
9958　世紀鋼,100/06/20,"338,162","3,383,870",10.10,10.25,9.80,9.95,-0.15,100
9958　世紀鋼,100/06/21,"108,250","1,079,027",10.00,10.00,9.95,9.99,+0.04,40
9958　世紀鋼,100/06/22,"134,869","1,349,320",10.10,10.10,9.95,10.00,+0.01,67
9958　世紀鋼,100/06/23,"263,000","2,607,540",9.95,10.00,9.82,10.00, 0.00,78
9958　世紀鋼,100/06/24,"145,018","1,433,945",9.83,10.00,9.83,9.90,-0.10,59
9958　世紀鋼,100/06/27,"228,150","2,240,779",9.80,9.93,9.80,9.85,-0.05,79
9958　世紀鋼,100/06/28,"55,500","547,200",9.85,9.90,9.85,9.85, 0.00,29
9958　世紀鋼,100/06/29,"200,000","1,970,440",9.85,9.90,9.82,9.82,-0.03,64
9958　世紀鋼,100/06/30,"85,000","838,250",9.90,9.90,9.83,9.88,+0.06,36
9958　世紀鋼,100/07/01,"179,781","1,774,632",9.88,9.90,9.82,9.88, 0.00,68
9958　世紀鋼,100/07/04,"123,081","1,216,601",9.90,9.95,9.80,9.88, 0.00,65
9958　世紀鋼,100/07/05,"171,200","1,687,650",9.90,9.90,9.82,9.90,+0.02,58
9958　世紀鋼,100/07/06,"200,008","1,977,377",9.90,9.90,9.84,9.90, 0.00,58
9958　世紀鋼,100/07/07,"132,000","1,306,570",9.90,9.94,9.81,9.92,+0.02,33
9958　世紀鋼,100/07/08,"351,250","3,518,470",9.95,10.15,9.86,10.05,+0.13,105
9958　世紀鋼,100/07/11,"69,000","689,030",10.00,10.05,9.90,9.99,-0.06,31
9958　世紀鋼,100/07/12,"208,000","2,056,570",9.95,10.00,9.78,9.98,-0.01,75
9958　世紀鋼,100/07/13,"132,750","1,327,086",9.94,10.05,9.94,10.00,+0.02,49
9958　世紀鋼,100/07/14,"129,126","1,293,747",10.00,10.15,9.92,10.00, 0.00,57
9958　世紀鋼,100/07/15,"195,094","1,958,540",10.00,10.10,9.95,10.10,+0.10,58
9958　世紀鋼,100/07/18,"100,473","1,009,042",10.10,10.10,9.95,10.05,-0.05,32
9958　世紀鋼,100/07/19,"111,000","1,102,620",10.05,10.05,9.82,9.85,-0.20,47
9958　世紀鋼,100/07/20,"190,601","1,892,139",9.88,10.00,9.86,10.00,+0.15,89
9958　世紀鋼,100/07/21,"81,248","808,662",10.05,10.05,9.86,9.90,-0.10,34
9958　世紀鋼,100/07/22,"114,600","1,142,610",9.90,10.00,9.90,9.98,+0.08,47
9958　世紀鋼,100/07/25,"87,207","869,618",9.97,10.00,9.90,9.90,-0.08,41
9958　世紀鋼,100/07/26,"71,191","707,682",9.90,10.00,9.90,10.00,+0.10,28
9958　世紀鋼,100/07/27,"175,000","1,736,760",10.00,10.00,9.86,9.87,-0.13,62
9958　世紀鋼,100/07/28,"144,000","1,418,930",9.90,9.95,9.81,9.81,-0.06,65
9958　世紀鋼,100/07/29,"143,000","1,402,710",9.85,9.87,9.78,9.78,-0.03,68
9958　世紀鋼,100/08/01,"311,872","3,130,072",9.78,10.10,9.78,10.05,+0.27,130
9958　世紀鋼,100/08/02,"250,500","2,525,700",10.05,10.20,10.00,10.00,-0.05,93
9958　世紀鋼,100/08/03,"624,940","6,351,270",10.00,10.60,9.94,10.05,+0.05,221
9958　世紀鋼,100/08/04,"315,580","3,209,779",10.40,10.40,10.05,10.10,+0.05,118
9958　世紀鋼,100/08/05,"315,500","2,997,114",9.40,9.79,9.40,9.40,-0.70,117
9958　世紀鋼,100/08/08,"464,007","4,197,651",9.40,9.62,8.75,9.09,-0.31,170
9958　世紀鋼,100/08/09,"614,240","5,282,580",8.46,9.36,8.46,9.08,-0.01,163
9958　世紀鋼,100/08/10,"203,150","1,868,115",9.28,9.30,9.10,9.16,+0.08,81
9958　世紀鋼,100/08/11,"132,300","1,181,042",8.80,9.16,8.80,8.85,-0.31,56
9958　世紀鋼,100/08/12,"135,110","1,215,115",9.21,9.21,8.85,8.97,+0.12,73
9958　世紀鋼,100/08/15,"66,200","600,030",9.01,9.15,9.01,9.03,+0.06,35
9958　世紀鋼,100/08/16,"99,515","896,325",9.01,9.14,8.97,9.07,+0.04,44
9958　世紀鋼,100/08/17,"141,081","1,267,708",9.07,9.07,8.92,9.06,-0.01,60
9958　世紀鋼,100/08/18,"48,000","433,830",9.06,9.08,8.95,9.03,-0.03,21
9958　世紀鋼,100/08/19,"158,350","1,402,649",8.80,9.00,8.72,8.90,-0.13,67
9958　世紀鋼,100/08/22,"83,000","737,630",8.90,9.00,8.62,8.75,-0.15,38
9958　世紀鋼,100/08/23,"188,581","1,684,619",8.97,8.97,8.72,8.94,+0.19,62
9958　世紀鋼,100/08/24,"32,950","291,968",8.90,8.93,8.80,8.93,-0.01,22
9958　世紀鋼,100/08/25,"77,081","684,840",8.85,8.99,8.85,8.88,-0.05,39
9958　世紀鋼,100/08/26,"127,050","1,143,645",8.95,9.29,8.86,8.91,+0.03,55
9958　世紀鋼,100/08/29,"82,627","741,310",8.95,9.10,8.93,8.94,+0.03,44
9958　世紀鋼,100/08/30,"145,400","1,300,796",9.00,9.07,8.86,8.96,+0.02,48
9958　世紀鋼,100/08/31,"142,100","1,269,758",9.00,9.00,8.91,8.91,-0.05,55
9958　世紀鋼,100/09/01,"391,300","3,507,145",8.93,9.01,8.90,8.92,+0.01,97
9958　世紀鋼,100/09/02,"99,100","877,490",8.90,8.92,8.80,8.86,-0.06,47
9958　世紀鋼,100/09/05,"140,385","1,217,288",8.80,8.80,8.56,8.58,-0.28,95
9958　世紀鋼,100/09/06,"127,000","1,086,070",8.69,8.69,8.45,8.48,-0.10,50
9958　世紀鋼,100/09/07,"92,600","787,520",8.51,8.55,8.45,8.51,+0.03,36
9958　世紀鋼,100/09/08,"108,157","924,486",8.59,8.61,8.51,8.53,+0.02,43
9958　世紀鋼,100/09/09,"98,000","835,270",8.59,8.59,8.50,8.58,+0.05,38
9958　世紀鋼,100/09/13,"78,100","666,864",8.58,8.58,8.50,8.57,-0.01,32
9958　世紀鋼,100/09/14,"139,500","1,161,690",8.40,8.56,8.10,8.30,X0.00,66
9958　世紀鋼,100/09/15,"107,100","892,511",8.01,8.48,8.01,8.46,+0.16,28
9958　世紀鋼,100/09/16,"142,293","1,199,645",8.46,8.53,8.32,8.48,+0.02,76
9958　世紀鋼,100/09/19,"75,321","636,872",8.47,8.50,8.38,8.42,-0.06,49
9958　世紀鋼,100/09/20,"201,144","1,692,389",8.47,8.49,8.35,8.40,-0.02,62
9958　世紀鋼,100/09/21,"91,250","767,967",8.49,8.49,8.38,8.40, 0.00,46
9958　世紀鋼,100/09/22,"52,250","437,982",8.39,8.45,8.28,8.33,-0.07,29
9958　世紀鋼,100/09/23,"87,383","703,710",8.29,8.30,7.91,8.00,-0.33,48
9958　世紀鋼,100/09/26,"232,250","1,821,950",8.20,8.20,7.44,7.44,-0.56,105
9958　世紀鋼,100/09/27,"141,343","1,074,746",7.53,7.73,7.51,7.60,+0.16,79
9958　世紀鋼,100/09/28,"100,000","755,250",7.44,7.72,7.44,7.60, 0.00,45
9958　世紀鋼,100/09/29,"114,000","861,200",7.56,7.60,7.32,7.60, 0.00,46
9958　世紀鋼,100/09/30,"108,150","845,541",7.60,7.95,7.60,7.88,+0.28,66
9958　世紀鋼,100/10/03,"87,000","669,690",7.62,7.92,7.61,7.82,-0.06,45
9958　世紀鋼,100/10/04,"57,396","449,380",7.72,7.90,7.72,7.90,+0.08,29
9958　世紀鋼,100/10/05,"62,959","498,424",8.00,8.00,7.82,7.90, 0.00,34
9958　世紀鋼,100/10/06,"93,307","754,033",7.99,8.22,7.96,8.09,+0.19,43
9958　世紀鋼,100/10/07,"57,000","464,460",8.19,8.19,8.03,8.19,+0.10,36
9958　世紀鋼,100/10/11,"48,010","388,807",8.19,8.24,8.04,8.19, 0.00,29
9958　世紀鋼,100/10/12,"38,438","313,266",8.19,8.19,8.08,8.18,-0.01,25
9958　世紀鋼,100/10/13,"35,100","285,850",8.02,8.20,8.02,8.15,-0.03,13
9958　世紀鋼,100/10/14,"44,000","358,290",8.09,8.20,8.06,8.18,+0.03,19
9958　世紀鋼,100/10/17,"35,000","285,340",8.04,8.19,8.04,8.19,+0.01,17
9958　世紀鋼,100/10/18,"36,113","293,905",8.08,8.18,8.07,8.14,-0.05,21
9958　世紀鋼,100/10/19,"79,001","648,138",8.14,8.28,8.09,8.14, 0.00,43
9958　世紀鋼,100/10/20,"12,000","97,490",8.20,8.20,8.10,8.10,-0.04,9
9958　世紀鋼,100/10/21,"11,001","90,038",8.03,8.20,8.03,8.20,+0.10,6
9958　世紀鋼,100/10/24,"79,643","655,891",8.27,8.27,8.18,8.25,+0.05,45
9958　世紀鋼,100/10/25,"20,000","165,320",8.25,8.30,8.25,8.28,+0.03,10
9958　世紀鋼,100/10/26,"48,500","401,260",8.30,8.34,8.16,8.34,+0.06,26
9958　世紀鋼,100/10/27,"54,000","449,770",8.39,8.39,8.25,8.36,+0.02,28
9958　世紀鋼,100/10/28,"86,300","726,649",8.38,8.49,8.30,8.46,+0.10,50
9958　世紀鋼,100/10/31,"58,100","487,627",8.49,8.49,8.33,8.47,+0.01,28
9958　世紀鋼,100/11/01,"101,850","854,228",8.40,8.47,8.33,8.45,-0.02,35
9958　世紀鋼,100/11/02,"90,021","746,125",8.35,8.40,8.20,8.37,-0.08,54
9958　世紀鋼,100/11/03,"427,435","3,374,665",7.79,8.33,7.79,8.04,-0.33,99
9958　世紀鋼,100/11/04,"145,050","1,167,482",8.04,8.10,8.01,8.05,+0.01,60
9958　世紀鋼,100/11/07,"37,918","302,840",8.05,8.05,7.92,7.99,-0.06,25
9958　世紀鋼,100/11/08,"61,000","486,670",7.99,8.04,7.93,7.97,-0.02,29
9958　世紀鋼,100/11/09,"36,081","287,479",7.98,8.00,7.90,7.97, 0.00,21
9958　世紀鋼,100/11/10,"55,182","427,526",7.85,7.85,7.71,7.84,-0.13,25
9958　世紀鋼,100/11/11,"28,500","222,230",7.84,7.85,7.76,7.81,-0.03,13
9958　世紀鋼,100/11/14,"63,000","503,560",7.96,8.04,7.95,7.95,+0.14,21
9958　世紀鋼,100/11/15,"35,488","282,374",8.00,8.08,7.87,8.08,+0.13,21
9958　世紀鋼,100/11/16,"61,937","497,476",8.10,8.10,7.91,7.91,-0.17,42
9958　世紀鋼,100/11/17,"19,000","152,420",8.07,8.07,8.00,8.00,+0.09,11
9958　世紀鋼,100/11/18,"93,000","739,420",8.00,8.05,7.85,8.00, 0.00,37
9958　世紀鋼,100/11/21,"82,050","651,005",8.00,8.04,7.81,7.90,-0.10,36
9958　世紀鋼,100/11/22,"148,000","1,136,690",7.78,8.00,7.41,7.74,-0.16,59
9958　世紀鋼,100/11/23,"192,400","1,429,799",7.50,7.73,7.26,7.50,-0.24,83
9958　世紀鋼,100/11/24,"207,732","1,580,388",7.39,8.02,7.27,7.73,+0.23,86
9958　世紀鋼,100/11/25,"184,000","1,379,170",7.73,7.89,7.19,7.75,+0.02,75
9958　世紀鋼,100/11/28,"82,600","634,500",7.71,7.82,7.58,7.75, 0.00,46
9958　世紀鋼,100/11/29,"111,002","848,135",7.75,7.75,7.55,7.71,-0.04,48
9958　世紀鋼,100/11/30,"82,000","625,550",7.69,7.70,7.50,7.69,-0.02,44
9958　世紀鋼,100/12/01,"178,050","1,388,165",7.80,7.98,7.65,7.94,+0.25,75
9958　世紀鋼,100/12/02,"24,031","188,981",7.93,7.95,7.80,7.80,-0.14,23
9958　世紀鋼,100/12/05,"47,500","368,299",7.80,7.80,7.70,7.80, 0.00,24
9958　世紀鋼,100/12/06,"21,002","163,815",7.87,7.87,7.75,7.79,-0.01,15
9958　世紀鋼,100/12/07,"106,282","811,808",7.72,7.72,7.54,7.70,-0.09,53
9958　世紀鋼,100/12/08,"76,002","565,814",7.62,7.62,7.33,7.42,-0.28,53
9958　世紀鋼,100/12/09,"135,163","999,625",7.40,7.52,7.30,7.52,+0.10,74
9958　世紀鋼,100/12/12,"60,157","461,030",7.50,7.78,7.50,7.78,+0.26,36
9958　世紀鋼,100/12/13,"54,000","417,780",7.61,7.80,7.56,7.78, 0.00,31
9958　世紀鋼,100/12/14,"33,200","257,200",7.78,7.85,7.63,7.72,-0.06,15
9958　世紀鋼,100/12/15,"66,450","496,589",7.33,7.72,7.33,7.68,-0.04,30
9958　世紀鋼,100/12/16,"27,000","207,070",7.59,7.70,7.53,7.70,+0.02,17
9958　世紀鋼,100/12/19,"63,200","475,839",7.60,7.75,7.40,7.50,-0.20,35
9958　世紀鋼,100/12/20,"114,000","832,120",7.20,7.50,7.12,7.45,-0.05,71
9958　世紀鋼,100/12/21,"63,000","477,530",7.45,7.78,7.45,7.53,+0.08,36
9958　世紀鋼,100/12/22,"28,000","210,530",7.65,7.65,7.50,7.56,+0.03,12
9958　世紀鋼,100/12/23,"62,200","471,203",7.42,7.69,7.42,7.66,+0.10,44
9958　世紀鋼,100/12/26,"65,325","500,351",7.60,7.74,7.55,7.73,+0.07,34
9958　世紀鋼,100/12/27,"49,000","379,410",7.73,7.80,7.62,7.75,+0.02,24
9958　世紀鋼,100/12/28,"74,700","575,250",7.60,7.75,7.60,7.75, 0.00,25
9958　世紀鋼,100/12/29,"105,000","812,940",7.79,7.79,7.69,7.75, 0.00,27
9958　世紀鋼,100/12/30,"24,000","185,950",7.75,7.80,7.70,7.80,+0.05,11
9958　世紀鋼,101/01/02,"19,050","148,430",7.80,7.80,7.72,7.80, 0.00,12
9958　世紀鋼,101/01/03,"76,163","597,747",7.78,7.99,7.75,7.99,+0.19,33
9958　世紀鋼,101/01/04,"74,859","593,175",8.00,8.00,7.86,7.99, 0.00,41
9958　世紀鋼,101/01/05,"47,315","374,292",7.99,7.99,7.81,7.90,-0.09,35
9958　世紀鋼,101/01/06,"82,292","645,807",7.87,7.94,7.80,7.86,-0.04,42
9958　世紀鋼,101/01/09,"28,750","223,720",7.81,7.84,7.72,7.81,-0.05,18
9958　世紀鋼,101/01/10,"89,000","706,980",7.81,8.06,7.80,8.00,+0.19,55
9958　世紀鋼,101/01/11,"86,038","692,944",8.00,8.18,8.00,8.09,+0.09,39
9958　世紀鋼,101/01/12,"68,310","550,790",8.09,8.10,8.01,8.09, 0.00,30
9958　世紀鋼,101/01/13,"131,200","1,044,860",8.09,8.10,7.78,7.95,-0.14,55
9958　世紀鋼,101/01/16,"83,000","673,140",7.95,8.24,7.90,8.12,+0.17,49
9958　世紀鋼,101/01/17,"102,789","838,090",8.14,8.22,8.03,8.20,+0.08,51
9958　世紀鋼,101/01/18,"126,050","1,016,870",8.12,8.19,7.92,8.10,-0.10,74
9958　世紀鋼,101/01/30,"50,315","410,391",8.10,8.19,8.10,8.18,+0.08,35
9958　世紀鋼,101/01/31,"51,081","418,292",8.18,8.30,8.13,8.13,-0.05,31
9958　世紀鋼,101/02/01,"43,100","354,550",8.28,8.28,8.18,8.20,+0.07,29
9958　世紀鋼,101/02/02,"598,207","5,129,064",8.27,8.77,8.26,8.77,+0.57,215
9958　世紀鋼,101/02/03,"480,544","4,308,639",9.00,9.10,8.77,9.04,+0.27,133
9958　世紀鋼,101/02/04,"220,998","2,053,669",9.50,9.50,9.16,9.16,+0.12,92
9958　世紀鋼,101/02/06,"105,037","947,699",9.17,9.20,8.91,8.94,-0.22,61
9958　世紀鋼,101/02/07,"60,081","539,950",8.92,9.05,8.92,9.00,+0.06,30
9958　世紀鋼,101/02/08,"126,396","1,133,706",9.09,9.09,8.90,9.01,+0.01,63
9958　世紀鋼,101/02/09,"232,031","2,123,035",9.09,9.33,9.01,9.26,+0.25,99
9958　世紀鋼,101/02/10,"181,601","1,667,571",9.31,9.31,9.07,9.19,-0.07,76
9958　世紀鋼,101/02/13,"857,380","8,353,754",9.19,9.83,9.02,9.83,+0.64,237
9958　世紀鋼,101/02/14,"275,323","2,726,152",9.83,10.10,9.73,9.75,-0.08,114
9958　世紀鋼,101/02/15,"282,906","2,766,650",9.75,9.98,9.68,9.88,+0.13,146
9958　世紀鋼,101/02/16,"168,630","1,626,412",9.90,9.90,9.50,9.53,-0.35,73
9958　世紀鋼,101/02/17,"189,497","1,843,380",9.60,9.85,9.51,9.79,+0.26,94
9958　世紀鋼,101/02/20,"620,202","6,242,116",9.85,10.20,9.85,10.00,+0.21,204
9958　世紀鋼,101/02/21,"141,094","1,394,748",10.15,10.20,9.72,9.72,-0.28,85
9958　世紀鋼,101/02/22,"130,348","1,278,128",9.97,9.97,9.75,9.80,+0.08,53
9958　世紀鋼,101/02/23,"57,200","556,839",9.80,9.80,9.62,9.70,-0.10,34
9958　世紀鋼,101/02/24,"108,200","1,040,420",9.70,9.73,9.56,9.56,-0.14,56
9958　世紀鋼,101/02/29,"101,200","974,241",9.70,9.77,9.54,9.54,-0.02,65
9958　世紀鋼,101/03/01,"111,601","1,064,576",9.52,9.65,9.52,9.54, 0.00,45
9958　世紀鋼,101/03/02,"308,112","2,906,312",9.50,9.56,9.38,9.52,-0.02,99
9958　世紀鋼,101/03/03,"176,084","1,646,235",9.50,9.50,9.25,9.30,-0.22,67
9958　世紀鋼,101/03/05,"76,398","699,231",9.22,9.22,9.10,9.20,-0.10,52
9958　世紀鋼,101/03/06,"51,050","463,500",9.14,9.20,9.03,9.14,-0.06,29
9958　世紀鋼,101/03/07,"99,493","877,628",8.52,8.98,8.52,8.76,-0.38,41
9958　世紀鋼,101/03/08,"95,050","840,650",8.76,8.91,8.76,8.90,+0.14,44
9958　世紀鋼,101/03/09,"105,326","936,314",8.90,9.04,8.83,9.00,+0.10,52
9958　世紀鋼,101/03/12,"139,750","1,293,102",9.40,9.40,9.11,9.13,+0.13,75
9958　世紀鋼,101/03/13,"205,492","1,905,271",9.28,9.33,9.15,9.19,+0.06,82
9958　世紀鋼,101/03/14,"90,554","836,260",9.29,9.29,9.19,9.20,+0.01,42
9958　世紀鋼,101/03/15,"136,787","1,251,327",8.88,9.27,8.88,9.14,-0.06,54
9958　世紀鋼,101/03/16,"100,294","911,103",9.14,9.18,8.92,9.10,-0.04,50
9958　世紀鋼,101/03/19,"103,249","932,031",9.17,9.17,9.00,9.10, 0.00,45
9958　世紀鋼,101/03/20,"44,635","401,938",9.10,9.10,8.95,8.95,-0.15,33
9958　世紀鋼,101/03/21,"69,344","620,860",9.00,9.01,8.88,8.90,-0.05,41
9958　世紀鋼,101/03/22,"52,886","469,926",8.90,8.95,8.84,8.90, 0.00,31
9958　世紀鋼,101/03/23,"36,156","322,905",8.90,8.98,8.87,8.93,+0.03,17
9958　世紀鋼,101/03/26,"95,045","862,864",9.10,9.19,9.00,9.00,+0.07,55
9958　世紀鋼,101/03/27,"54,644","492,980",9.00,9.10,8.98,8.98,-0.02,34
9958　世紀鋼,101/03/28,"23,250","207,556",8.91,8.98,8.91,8.92,-0.06,25
9958　世紀鋼,101/03/29,"135,050","1,174,885",8.90,8.90,8.50,8.60,-0.32,63
9958　世紀鋼,101/03/30,"107,000","912,940",8.50,8.68,8.50,8.60, 0.00,54
9958　世紀鋼,101/04/02,"53,384","451,327",8.51,8.51,8.32,8.40,-0.20,32
9958　世紀鋼,101/04/03,"154,817","1,307,592",8.57,8.57,8.20,8.50,+0.10,55
9958　世紀鋼,101/04/05,"107,390","866,589",8.30,8.30,8.00,8.18,-0.32,48
9958　世紀鋼,101/04/06,"67,500","553,570",8.03,8.38,8.03,8.28,+0.10,42
9958　世紀鋼,101/04/09,"207,000","1,684,820",7.80,8.64,7.80,8.20,-0.08,94
9958　世紀鋼,101/04/10,"34,000","284,270",8.20,8.43,8.20,8.28,+0.08,21
9958　世紀鋼,101/04/11,"30,001","249,808",8.39,8.39,8.24,8.30,+0.02,22
9958　世紀鋼,101/04/12,"46,274","384,286",8.44,8.44,8.20,8.26,-0.04,30
9958　世紀鋼,101/04/13,"117,447","974,858",8.42,8.42,8.27,8.29,+0.03,32
9958　世紀鋼,101/04/16,"36,000","296,020",8.29,8.29,8.20,8.20,-0.09,12
9958　世紀鋼,101/04/17,"141,999","1,150,121",8.32,8.32,8.00,8.00,-0.20,40
9958　世紀鋼,101/04/18,"33,250","266,770",8.09,8.10,8.00,8.08,+0.08,17
9958　世紀鋼,101/04/19,"53,750","433,290",8.10,8.10,8.00,8.00,-0.08,19
9958　世紀鋼,101/04/20,"42,200","340,663",8.16,8.16,8.00,8.11,+0.11,19
9958　世紀鋼,101/04/23,"48,620","393,871",8.11,8.16,8.00,8.16,+0.05,29
9958　世紀鋼,101/04/24,"24,000","197,300",8.20,8.25,8.20,8.20,+0.04,16
9958　世紀鋼,101/04/25,"32,000","257,770",8.04,8.10,8.04,8.10,-0.10,15
9958　世紀鋼,101/04/26,"52,475","418,648",8.06,8.06,7.90,7.90,-0.20,36
9958　世紀鋼,101/04/27,"122,150","968,400",7.80,8.10,7.80,8.10,+0.20,59
9958　世紀鋼,101/04/30,"34,200","275,478",8.00,8.10,8.00,8.02,-0.08,16
9958　世紀鋼,101/05/02,"101,000","846,410",8.18,8.58,8.18,8.53,+0.51,54
9958　世紀鋼,101/05/03,"83,263","714,341",8.65,8.73,8.45,8.65,+0.12,50
9958　世紀鋼,101/05/04,"67,200","578,584",8.65,8.65,8.52,8.52,-0.13,28
9958　世紀鋼,101/05/07,"32,000","274,320",8.58,8.58,8.50,8.57,+0.05,14
9958　世紀鋼,101/05/08,"48,063","407,812",8.50,8.59,8.41,8.41,-0.16,23
9958　世紀鋼,101/05/09,"57,050","481,200",8.31,8.51,8.22,8.50,+0.09,37
9958　世紀鋼,101/05/10,"9,200","77,226",8.32,8.48,8.32,8.48,-0.02,10
9958　世紀鋼,101/05/11,"76,000","656,080",8.32,8.99,8.22,8.52,+0.04,47
9958　世紀鋼,101/05/14,"50,000","427,060",8.52,8.57,8.33,8.56,+0.04,22
9958　世紀鋼,101/05/15,"24,200","203,730",8.54,8.54,8.33,8.54,-0.02,16
9958　世紀鋼,101/05/16,"41,915","355,244",8.64,8.64,8.36,8.36,-0.18,35
9958　世紀鋼,101/05/17,"7,000","58,800",8.52,8.52,8.38,8.38,+0.02,6
9958　世紀鋼,101/05/18,"83,200","704,130",8.48,8.60,8.21,8.60,+0.22,50
9958　世紀鋼,101/05/21,"76,691","658,692",8.54,8.75,8.40,8.67,+0.07,44
9958　世紀鋼,101/05/22,"105,061","905,371",8.74,8.74,8.49,8.66,-0.01,51
9958　世紀鋼,101/05/23,"55,500","470,260",8.73,8.73,8.40,8.42,-0.24,36
9958　世紀鋼,101/05/24,"153,000","1,269,420",8.30,8.44,8.20,8.20,-0.22,60
9958　世紀鋼,101/05/25,"38,000","309,970",8.12,8.26,8.01,8.20, 0.00,22
9958　世紀鋼,101/05/28,"103,012","848,446",8.20,8.48,8.05,8.48,+0.28,46
9958　世紀鋼,101/05/29,"35,050","295,530",8.49,8.49,8.30,8.36,-0.12,23
9958　世紀鋼,101/05/30,"48,000","408,430",8.60,8.60,8.36,8.57,+0.21,33
9958　世紀鋼,101/05/31,"27,281","231,398",8.37,8.54,8.30,8.54,-0.03,25
9958　世紀鋼,101/06/01,"27,801","230,924",8.40,8.40,8.17,8.24,-0.30,22
9958　世紀鋼,101/06/04,"52,941","431,852",8.10,8.27,7.86,8.22,-0.02,30
9958　世紀鋼,101/06/05,"78,200","656,470",8.24,8.68,8.19,8.24,+0.02,52
9958　世紀鋼,101/06/06,"45,081","369,004",8.24,8.24,8.06,8.16,-0.08,28
9958　世紀鋼,101/06/07,"100,000","841,730",8.60,8.60,8.25,8.25,+0.09,45
9958　世紀鋼,101/06/08,"110,081","898,576",8.20,8.29,8.10,8.18,-0.07,54
9958　世紀鋼,101/06/11,"219,030","1,817,063",8.31,8.45,8.20,8.20,+0.02,81
9958　世紀鋼,101/06/12,"75,000","615,290",8.21,8.29,8.18,8.20, 0.00,30
9958　世紀鋼,101/06/13,"39,756","329,169",8.21,8.33,8.21,8.32,+0.12,21
9958　世紀鋼,101/06/14,"29,200","244,290",8.28,8.40,8.28,8.34,+0.02,19
9958　世紀鋼,101/06/15,"55,000","456,220",8.27,8.38,8.18,8.31,-0.03,26
9958　世紀鋼,101/06/18,"60,001","501,038",8.35,8.43,8.30,8.36,+0.05,31
9958　世紀鋼,101/06/19,"90,314","759,321",8.42,8.45,8.31,8.42,+0.06,38
9958　世紀鋼,101/06/20,"80,000","685,880",8.60,8.60,8.55,8.58,+0.16,39
9958　世紀鋼,101/06/21,"65,200","556,675",8.51,8.60,8.43,8.53,-0.05,32
9958　世紀鋼,101/06/22,"44,000","372,260",8.50,8.56,8.35,8.50,-0.03,22
9958　世紀鋼,101/06/25,"60,000","507,520",8.50,8.52,8.36,8.50, 0.00,27
9958　世紀鋼,101/06/26,"32,744","278,746",8.50,8.58,8.44,8.44,-0.06,15
9958　世紀鋼,101/06/27,"32,427","273,999",8.55,8.55,8.38,8.48,+0.04,24
9958　世紀鋼,101/06/28,"44,546","377,757",8.43,8.55,8.41,8.48, 0.00,25
9958　世紀鋼,101/06/29,"56,053","475,015",8.55,8.55,8.36,8.48, 0.00,30
9958　世紀鋼,101/07/02,"86,150","712,949",8.53,8.53,8.14,8.15,-0.33,50
9958　世紀鋼,101/07/03,"69,200","570,928",8.24,8.40,8.20,8.23,+0.08,41
9958　世紀鋼,101/07/04,"77,185","637,662",8.39,8.39,8.20,8.22,-0.01,53
9958　世紀鋼,101/07/05,"35,315","292,905",8.18,8.33,8.18,8.32,+0.10,24
9958　世紀鋼,101/07/06,"73,000","608,270",8.32,8.44,8.29,8.30,-0.02,33
9958　世紀鋼,101/07/09,"42,050","351,544",8.36,8.40,8.25,8.37,+0.07,23
9958　世紀鋼,101/07/10,"138,000","1,167,970",8.44,8.52,8.37,8.49,+0.12,58
9958　世紀鋼,101/07/11,"207,000","1,761,480",8.47,8.60,8.45,8.57,+0.08,78
9958　世紀鋼,101/07/12,"115,000","989,380",8.50,8.68,8.50,8.60,+0.03,43
9958　世紀鋼,101/07/13,"62,450","533,020",8.50,8.60,8.46,8.51,-0.09,29
9958　世紀鋼,101/07/16,"310,972","2,705,103",8.55,8.89,8.51,8.81,+0.30,109
9958　世紀鋼,101/07/17,"170,200","1,519,257",8.97,9.00,8.76,8.99,+0.18,91
9958　世紀鋼,101/07/18,"319,228","2,946,942",8.97,9.45,8.97,9.01,+0.02,115
9958　世紀鋼,101/07/19,"94,500","841,509",9.00,9.10,8.80,9.00,-0.01,55
9958　世紀鋼,101/07/20,"31,000","279,070",8.81,9.08,8.81,9.04,+0.04,27
9958　世紀鋼,101/07/23,"109,215","972,415",8.86,9.10,8.75,8.95,-0.09,54
9958　世紀鋼,101/07/24,"41,281","365,230",8.87,8.94,8.77,8.94,-0.01,25
9958　世紀鋼,101/07/25,"94,815","838,519",8.86,8.92,8.70,8.86,-0.08,45
9958　世紀鋼,101/07/26,"35,200","310,750",8.76,8.91,8.76,8.80,-0.06,21
9958　世紀鋼,101/07/27,"93,657","821,975",8.85,8.85,8.70,8.83,+0.03,37
9958　世紀鋼,101/07/30,"340,087","3,036,441",8.85,9.19,8.85,9.04,+0.21,71
9958　世紀鋼,101/07/31,"55,150","491,365",9.04,9.04,8.80,8.94,-0.10,26
9958　世紀鋼,101/08/01,"66,200","587,212",8.94,8.98,8.81,8.91,-0.03,39
9958　世紀鋼,101/08/03,"45,031","404,275",8.91,9.06,8.90,9.00,+0.09,25
9958　世紀鋼,101/08/06,"755,499","6,801,914",9.00,9.10,8.95,9.00, 0.00,58
9958　世紀鋼,101/08/07,"37,474","336,704",9.00,9.07,8.95,8.99,-0.01,21
9958　世紀鋼,101/08/08,"64,200","573,219",9.00,9.00,8.87,8.87,-0.12,41
9958　世紀鋼,101/08/09,"130,400","1,155,014",8.90,8.90,8.81,8.82,-0.05,51
9958　世紀鋼,101/08/10,"145,200","1,272,400",8.72,8.82,8.70,8.79,-0.03,66
9958　世紀鋼,101/08/13,"65,200","580,980",8.80,9.04,8.80,8.95,+0.16,41
9958　世紀鋼,101/08/14,"276,035","2,511,176",9.00,9.34,9.00,9.12,+0.17,122
9958　世紀鋼,101/08/15,"77,200","705,030",9.15,9.20,9.08,9.10,-0.02,40
9958　世紀鋼,101/08/16,"178,607","1,648,248",9.20,9.25,9.12,9.24,+0.14,55
9958　世紀鋼,101/08/17,"78,999","732,739",9.30,9.38,9.20,9.38,+0.14,40
9958　世紀鋼,101/08/20,"123,435","1,162,335",9.48,9.48,9.38,9.42,+0.04,48
9958　世紀鋼,101/08/21,"52,300","487,739",9.40,9.46,9.28,9.28,-0.14,37
9958　世紀鋼,101/08/22,"44,937","418,088",9.38,9.38,9.24,9.28, 0.00,28
9958　世紀鋼,101/08/23,"272,870","2,559,697",9.39,9.47,9.28,9.46,+0.18,95
9958　世紀鋼,101/08/24,"144,105","1,364,039",9.46,9.49,9.36,9.49,+0.03,75
9958　世紀鋼,101/08/27,"697,731","6,895,096",9.59,10.15,9.54,9.98,+0.49,229
9958　世紀鋼,101/08/28,"958,343","9,610,512",9.88,10.20,9.85,10.00,+0.02,175
9958　世紀鋼,101/08/29,"205,063","2,047,650",10.00,10.10,9.85,10.10,+0.10,81
9958　世紀鋼,101/08/30,"761,223","7,984,129",10.10,10.70,9.95,10.55,+0.45,258
9958　世紀鋼,101/08/31,"341,001","3,578,306",10.60,10.65,10.30,10.45,-0.10,118
9958　世紀鋼,101/09/03,"563,380","5,795,037",10.50,10.60,10.15,10.25,-0.20,169
9958　世紀鋼,101/09/04,"572,283","5,982,189",10.30,10.60,10.30,10.50,+0.25,142
9958　世紀鋼,101/09/05,"845,060","8,746,767",10.50,10.55,10.15,10.30,-0.20,133
9958　世紀鋼,101/09/06,"210,331","2,152,193",10.35,10.40,10.10,10.15,-0.15,74
9958　世紀鋼,101/09/07,"224,863","2,320,352",10.30,10.40,10.20,10.20,+0.05,70
9958　世紀鋼,101/09/10,"874,940","9,328,758",10.30,10.90,10.30,10.75,+0.55,233
9958　世紀鋼,101/09/11,"363,387","3,873,244",10.75,10.80,10.50,10.50,-0.25,102
9958　世紀鋼,101/09/12,"1,114,296","11,998,086",10.70,10.85,10.65,10.70,+0.20,132
9958　世紀鋼,101/09/13,"224,376","2,398,897",10.70,10.80,10.55,10.55,-0.15,85
9958　世紀鋼,101/09/14,"384,191","4,124,472",10.75,10.80,10.60,10.65,+0.10,105
9958　世紀鋼,101/09/17,"436,650","4,712,187",10.70,10.95,10.70,10.80,+0.15,152
9958　世紀鋼,101/09/18,"113,131","1,214,614",10.80,10.85,10.65,10.75,-0.05,52
9958　世紀鋼,101/09/19,"410,526","4,438,499",10.80,10.95,10.65,10.70,-0.05,92
9958　世紀鋼,101/09/20,"181,190","1,927,764",10.75,10.80,10.55,10.65,-0.05,54
9958　世紀鋼,101/09/21,"156,249","1,659,863",10.80,10.80,10.55,10.60,-0.05,74
9958　世紀鋼,101/09/24,"164,304","1,734,606",10.70,10.70,10.50,10.65,+0.05,80
9958　世紀鋼,101/09/25,"362,250","3,826,487",10.65,10.70,10.45,10.60,-0.05,95
9958　世紀鋼,101/09/26,"258,344","2,737,676",10.60,10.65,10.50,10.50,-0.10,78
9958　世紀鋼,101/09/27,"300,541","3,190,034",10.50,10.80,10.45,10.70,+0.20,95
9958　世紀鋼,101/09/28,"343,549","3,615,340",10.70,10.70,10.35,10.55,-0.15,116
9958　世紀鋼,101/10/01,"2,348,459","26,299,416",10.55,11.25,10.55,11.25,+0.70,578
9958　世紀鋼,101/10/02,"1,138,904","12,780,100",11.55,11.55,10.95,10.95,-0.30,393
9958　世紀鋼,101/10/03,"701,806","7,747,266",11.05,11.15,10.95,11.10,+0.15,191
9958　世紀鋼,101/10/04,"372,077","4,112,447",11.10,11.15,10.90,11.15,+0.05,126
9958　世紀鋼,101/10/05,"145,783","1,617,472",11.15,11.15,11.05,11.05,-0.10,60
9958　世紀鋼,101/10/08,"346,535","3,768,477",11.00,11.05,10.80,10.95,-0.10,112
9958　世紀鋼,101/10/09,"326,291","3,551,042",11.00,11.10,10.80,10.90,-0.05,93
9958　世紀鋼,101/10/11,"337,561","3,679,686",10.80,11.05,10.80,10.85,-0.05,113
9958　世紀鋼,101/10/12,"196,900","2,145,164",10.85,11.00,10.80,10.90,+0.05,68
9958　世紀鋼,101/10/15,"184,950","2,004,409",10.90,11.05,10.80,10.80,-0.10,65
9958　世紀鋼,101/10/16,"173,001","1,867,558",10.85,10.90,10.70,10.85,+0.05,70
9958　世紀鋼,101/10/17,"137,350","1,484,696",10.85,10.95,10.75,10.75,-0.10,48
9958　世紀鋼,101/10/18,"165,805","1,781,962",10.75,10.80,10.70,10.70,-0.05,66
9958　世紀鋼,101/10/19,"1,689,415","18,690,382",10.75,11.35,10.75,10.85,+0.15,459
9958　世紀鋼,101/10/22,"306,013","3,351,140",10.85,11.05,10.85,10.95,+0.10,112
9958　世紀鋼,101/10/23,"222,453","2,433,113",10.95,11.00,10.90,10.95, 0.00,81
9958　世紀鋼,101/10/24,"289,301","3,144,395",10.80,10.95,10.75,10.90,-0.05,91
9958　世紀鋼,101/10/25,"493,200","5,402,729",11.00,11.05,10.85,10.95,+0.05,105
9958　世紀鋼,101/10/26,"760,260","8,116,580",11.00,11.05,10.25,10.60,-0.35,204
9958　世紀鋼,101/10/29,"337,131","3,560,012",10.60,10.85,10.40,10.50,-0.10,110
9958　世紀鋼,101/10/30,"279,310","2,995,769",10.55,10.85,10.55,10.65,+0.15,102
9958　世紀鋼,101/10/31,"222,000","2,353,050",10.75,10.80,10.50,10.50,-0.15,83
9958　世紀鋼,101/11/01,"293,500","3,053,400",10.50,10.60,10.25,10.60,+0.10,107
9958　世紀鋼,101/11/02,"188,100","1,975,549",10.60,10.70,10.30,10.50,-0.10,81
9958　世紀鋼,101/11/05,"172,081","1,802,734",10.40,10.55,10.40,10.40,-0.10,57
9958　世紀鋼,101/11/06,"68,100","712,195",10.50,10.55,10.35,10.50,+0.10,28
9958　世紀鋼,101/11/07,"134,594","1,410,376",10.50,10.55,10.40,10.50, 0.00,59
9958　世紀鋼,101/11/08,"150,200","1,555,249",10.35,10.50,10.30,10.30,-0.20,57
9958　世紀鋼,101/11/09,"159,372","1,655,036",10.25,10.50,10.25,10.50,+0.20,58
9958　世紀鋼,101/11/12,"65,200","684,658",10.55,10.55,10.40,10.45,-0.05,36
9958　世紀鋼,101/11/13,"255,450","2,669,752",10.45,10.55,10.30,10.50,+0.05,114
9958　世紀鋼,101/11/14,"182,310","1,935,619",10.55,10.70,10.50,10.60,+0.10,59
9958　世紀鋼,101/11/15,"84,531","894,275",10.55,10.65,10.50,10.60, 0.00,39
9958　世紀鋼,101/11/16,"43,750","461,887",10.60,10.60,10.50,10.55,-0.05,24
9958　世紀鋼,101/11/19,"81,230","843,092",10.35,10.45,10.35,10.35,-0.20,37
9958　世紀鋼,101/11/20,"127,990","1,330,246",10.55,10.55,10.30,10.40,+0.05,41
9958　世紀鋼,101/11/21,"116,100","1,202,925",10.40,10.45,10.30,10.30,-0.10,38
9958　世紀鋼,101/11/22,"128,244","1,329,163",10.20,10.45,10.20,10.45,+0.15,48
9958　世紀鋼,101/11/23,"156,531","1,637,921",10.45,10.50,10.40,10.45, 0.00,59
9958　世紀鋼,101/11/26,"56,200","590,539",10.55,10.55,10.45,10.45, 0.00,33
9958　世紀鋼,101/11/27,"95,378","1,003,067",10.55,10.60,10.45,10.55,+0.10,44
9958　世紀鋼,101/11/28,"212,100","2,199,900",10.55,10.55,10.30,10.50,-0.05,66
9958　世紀鋼,101/11/29,"179,407","1,879,712",10.55,10.55,10.40,10.40,-0.10,64
9958　世紀鋼,101/11/30,"128,100","1,347,990",10.45,10.60,10.45,10.50,+0.10,58
9958　世紀鋼,101/12/03,"111,967","1,182,205",10.55,10.65,10.50,10.55,+0.05,55
9958　世紀鋼,101/12/04,"110,675","1,165,052",10.55,10.60,10.45,10.45,-0.10,44
9958　世紀鋼,101/12/05,"200,750","2,123,035",10.45,10.65,10.45,10.50,+0.05,60
9958　世紀鋼,101/12/06,"145,200","1,528,210",10.60,10.65,10.45,10.45,-0.05,59
9958　世紀鋼,101/12/07,"94,163","987,395",10.50,10.55,10.45,10.45, 0.00,35
9958　世紀鋼,101/12/10,"58,415","615,757",10.65,10.65,10.45,10.60,+0.15,32
9958　世紀鋼,101/12/11,"484,634","5,306,327",10.75,11.15,10.75,10.95,+0.35,186
9958　世紀鋼,101/12/12,"463,800","5,123,020",11.10,11.25,10.95,10.95, 0.00,170
9958　世紀鋼,101/12/13,"222,306","2,441,885",11.05,11.10,10.90,11.00,+0.05,67
9958　世紀鋼,101/12/14,"479,322","5,285,955",11.00,11.15,10.85,11.15,+0.15,145
9958　世紀鋼,101/12/17,"1,125,844","13,328,139",11.50,11.90,11.50,11.90,+0.75,318
9958　世紀鋼,101/12/18,"2,277,588","27,735,906",12.40,12.40,11.90,12.10,+0.20,718
9958　世紀鋼,101/12/19,"757,450","9,122,500",12.10,12.25,11.80,12.00,-0.10,280
9958　世紀鋼,101/12/20,"1,403,108","17,428,627",12.00,12.60,12.00,12.40,+0.40,540
9958　世紀鋼,101/12/21,"621,274","7,632,638",12.40,12.50,12.10,12.10,-0.30,262
9958　世紀鋼,101/12/22,"543,620","6,474,375",12.10,12.20,11.80,11.90,-0.20,230
9958　世紀鋼,101/12/24,"848,638","10,279,206",11.90,12.30,11.90,12.00,+0.10,264
9958　世紀鋼,101/12/25,"293,261","3,519,582",12.00,12.10,11.90,12.05,+0.05,114
9958　世紀鋼,101/12/26,"2,486,430","31,854,164",12.30,12.85,12.30,12.85,+0.80,371
9958　世紀鋼,101/12/27,"5,917,599","79,150,687",13.70,13.70,12.80,12.95,+0.10,"1,710"
9958　世紀鋼,101/12/28,"1,791,503","23,117,159",13.00,13.05,12.70,12.80,-0.15,575
9958　世紀鋼,102/01/02,"7,635,550","102,942,865",13.10,13.65,12.80,13.50,+0.70,"1,526"
9958　世紀鋼,102/01/03,"3,593,437","48,517,216",13.70,13.75,13.25,13.35,-0.15,883
9958　世紀鋼,102/01/04,"1,709,263","22,623,845",13.30,13.40,13.15,13.15,-0.20,403
9958　世紀鋼,102/01/07,"1,344,518","18,047,338",13.25,13.55,13.25,13.45,+0.30,467
9958　世紀鋼,102/01/08,"993,031","13,189,058",13.60,13.60,13.15,13.25,-0.20,297
9958　世紀鋼,102/01/09,"1,086,060","14,519,752",13.40,13.50,13.20,13.50,+0.25,346
9958　世紀鋼,102/01/10,"2,303,766","31,636,712",13.60,13.95,13.45,13.50, 0.00,740
9958　世紀鋼,102/01/11,"1,219,963","16,287,761",13.60,13.70,13.15,13.20,-0.30,400
9958　世紀鋼,102/01/14,"1,046,522","14,137,817",13.65,13.65,13.35,13.40,+0.20,362
9958　世紀鋼,102/01/15,"1,060,950","13,987,544",13.40,13.50,13.05,13.10,-0.30,306
9958　世紀鋼,102/01/16,"570,387","7,472,781",13.15,13.20,13.00,13.10, 0.00,184
9958　世紀鋼,102/01/17,"949,500","12,267,673",13.15,13.20,12.75,12.75,-0.35,293
9958　世紀鋼,102/01/18,"401,751","5,195,949",12.85,13.05,12.85,12.90,+0.15,132
9958　世紀鋼,102/01/21,"500,100","6,486,895",12.95,13.05,12.90,12.95,+0.05,146
9958　世紀鋼,102/01/22,"319,300","4,133,164",13.05,13.10,12.85,13.05,+0.10,109
9958　世紀鋼,102/01/23,"971,163","12,883,933",13.25,13.45,13.15,13.15,+0.10,332
9958　世紀鋼,102/01/24,"524,250","6,875,800",13.15,13.25,13.00,13.05,-0.10,149
9958　世紀鋼,102/01/25,"502,990","6,549,920",13.10,13.15,12.85,13.00,-0.05,156
9958　世紀鋼,102/01/28,"412,600","5,371,900",13.05,13.20,12.95,13.00, 0.00,95
9958　世紀鋼,102/01/29,"515,859","6,751,267",13.00,13.20,13.00,13.10,+0.10,147
9958　世紀鋼,102/01/30,"692,000","9,046,950",13.15,13.15,13.00,13.15,+0.05,161
9958　世紀鋼,102/01/31,"594,540","7,863,878",13.25,13.30,13.15,13.25,+0.10,196
9958　世紀鋼,102/02/01,"371,207","4,916,030",13.25,13.40,13.15,13.20,-0.05,109
9958　世紀鋼,102/02/04,"867,253","11,547,338",13.25,13.45,13.15,13.20, 0.00,212
9958　世紀鋼,102/02/05,"3,725,908","51,052,106",13.50,13.95,13.45,13.60,+0.40,948
9958　世紀鋼,102/02/06,"1,181,500","16,121,700",13.70,13.85,13.50,13.50,-0.10,370
9958　世紀鋼,102/02/18,"905,400","12,082,399",13.60,13.60,13.20,13.25,-0.25,268
9958　世紀鋼,102/02/19,"511,583","6,795,987",13.35,13.40,13.15,13.15,-0.10,176
9958　世紀鋼,102/02/20,"554,921","7,364,610",13.20,13.40,13.15,13.25,+0.10,187
9958　世紀鋼,102/02/21,"973,801","12,999,431",13.30,13.60,13.20,13.20,-0.05,327
9958　世紀鋼,102/02/22,"819,150","10,788,700",13.25,13.35,13.05,13.15,-0.05,208
9958　世紀鋼,102/02/23,"833,926","10,896,738",13.20,13.25,12.90,13.00,-0.15,245
9958　世紀鋼,102/02/25,"357,052","4,637,726",13.05,13.10,12.95,12.95,-0.05,114
9958　世紀鋼,102/02/26,"1,049,209","13,360,512",13.00,13.00,12.55,12.60,-0.35,302
9958　世紀鋼,102/02/27,"724,200","9,052,100",12.60,12.65,12.40,12.50,-0.10,220
9958　世紀鋼,102/03/01,"355,200","4,508,220",12.55,12.75,12.55,12.75,+0.25,149
9958　世紀鋼,102/03/04,"262,150","3,323,140",12.75,12.85,12.60,12.60,-0.15,110
9958　世紀鋼,102/03/05,"338,131","4,222,574",12.55,12.70,12.35,12.50,-0.10,133
9958　世紀鋼,102/03/06,"227,520","2,848,548",12.55,12.60,12.45,12.45,-0.05,92
9958　世紀鋼,102/03/07,"311,917","3,872,821",12.50,12.55,12.35,12.45, 0.00,130
9958　世紀鋼,102/03/08,"174,363","2,162,918",12.45,12.55,12.35,12.45, 0.00,81
9958　世紀鋼,102/03/11,"577,699","7,112,760",12.45,12.45,12.25,12.25,-0.20,165
9958　世紀鋼,102/03/12,"371,365","4,555,334",12.25,12.45,12.15,12.25, 0.00,125
9958　世紀鋼,102/03/13,"539,250","6,520,474",12.25,12.25,12.00,12.00,-0.25,176
9958　世紀鋼,102/03/14,"733,800","8,672,280",12.00,12.00,11.75,11.75,-0.25,202
9958　世紀鋼,102/03/15,"337,150","4,024,476",11.75,12.00,11.75,11.95,+0.20,126
9958　世紀鋼,102/03/18,"559,402","6,571,573",11.90,11.95,11.60,11.75,-0.20,157
9958　世紀鋼,102/03/19,"409,600","4,911,460",11.70,12.10,11.70,12.00,+0.25,141
9958　世紀鋼,102/03/20,"251,081","2,996,372",12.00,12.00,11.80,11.95,-0.05,86
9958　世紀鋼,102/03/21,"173,815","2,094,339",12.00,12.15,11.95,12.00,+0.05,80
9958　世紀鋼,102/03/22,"191,096","2,278,206",11.90,12.05,11.80,12.00, 0.00,80
9958　世紀鋼,102/03/25,"157,313","1,884,708",12.00,12.05,11.90,11.90,-0.10,64
9958　世紀鋼,102/03/26,"889,100","10,885,165",11.90,12.35,11.90,12.20,+0.30,317
9958　世紀鋼,102/03/27,"276,507","3,367,684",12.30,12.30,12.05,12.20, 0.00,104
9958　世紀鋼,102/03/28,"200,000","2,436,400",12.20,12.30,12.10,12.15,-0.05,74
9958　世紀鋼,102/03/29,"381,594","4,670,496",12.20,12.30,12.15,12.30,+0.15,125
9958　世紀鋼,102/04/01,"318,486","3,921,779",12.40,12.40,12.25,12.25,-0.05,117
9958　世紀鋼,102/04/02,"180,230","2,208,306",12.30,12.30,12.20,12.20,-0.05,64
9958　世紀鋼,102/04/03,"424,148","5,162,176",12.20,12.30,12.05,12.05,-0.15,107
9958　世紀鋼,102/04/08,"363,064","4,273,804",11.80,11.90,11.65,11.90,-0.15,125
9958　世紀鋼,102/04/09,"281,000","3,350,000",11.90,12.05,11.80,12.05,+0.15,114
9958　世紀鋼,102/04/10,"221,000","2,661,400",12.10,12.20,11.95,12.00,-0.05,86
9958　世紀鋼,102/04/11,"181,191","2,197,492",12.00,12.20,12.00,12.10,+0.10,64
9958　世紀鋼,102/04/12,"157,000","1,908,900",12.15,12.20,12.15,12.15,+0.05,58
9958　世紀鋼,102/04/15,"274,863","3,356,832",12.20,12.25,12.15,12.20,+0.05,80
9958　世紀鋼,102/04/16,"188,000","2,285,750",12.10,12.25,12.10,12.20, 0.00,65
9958　世紀鋼,102/04/17,"135,094","1,645,146",12.25,12.25,12.15,12.25,+0.05,52
9958　世紀鋼,102/04/18,"210,438","2,573,943",12.25,12.30,12.15,12.30,+0.05,63
9958　世紀鋼,102/04/19,"376,735","4,630,253",12.30,12.35,12.25,12.35,+0.05,112
9958　世紀鋼,102/04/22,"1,481,175","18,848,304",12.40,13.05,12.40,12.60,+0.25,467
9958　世紀鋼,102/04/23,"1,026,000","12,925,250",12.70,12.70,12.35,12.70,+0.10,213
9958　世紀鋼,102/04/24,"3,898,217","50,602,571",12.75,13.20,12.70,13.10,+0.40,927
9958　世紀鋼,102/04/25,"874,400","11,294,399",13.10,13.10,12.85,12.85,-0.25,298
9958　世紀鋼,102/04/26,"700,063","8,972,799",12.90,12.95,12.70,12.80,-0.05,237
9958　世紀鋼,102/04/29,"542,100","6,930,160",12.85,12.90,12.65,12.65,-0.15,168
9958　世紀鋼,102/04/30,"466,201","5,918,280",12.70,12.80,12.65,12.70,+0.05,132
9958　世紀鋼,102/05/02,"1,568,900","20,414,809",13.15,13.25,12.85,12.95,+0.25,436
9958　世紀鋼,102/05/03,"385,080","4,970,620",13.00,13.00,12.85,12.85,-0.10,149
9958　世紀鋼,102/05/06,"775,000","9,975,900",12.90,13.00,12.75,12.80,-0.05,219
9958　世紀鋼,102/05/07,"989,914","12,570,965",12.85,12.85,12.60,12.70,-0.10,247
9958　世紀鋼,102/05/08,"550,080","6,955,607",12.75,12.80,12.55,12.70, 0.00,195
9958　世紀鋼,102/05/09,"208,520","2,636,450",12.75,12.75,12.60,12.60,-0.10,106
9958　世紀鋼,102/05/10,"243,252","3,076,162",12.65,12.70,12.60,12.60, 0.00,86
9958　世紀鋼,102/05/13,"496,000","6,334,650",12.95,12.95,12.65,12.80,+0.20,133
9958　世紀鋼,102/05/14,"1,320,427","16,962,015",12.80,12.95,12.70,12.85,+0.05,241
9958　世紀鋼,102/05/15,"3,920,381","51,519,703",13.30,13.35,12.95,13.00,+0.15,"1,008"
9958　世紀鋼,102/05/16,"1,787,350","23,272,331",13.15,13.15,12.90,13.00, 0.00,444
9958　世紀鋼,102/05/17,"762,815","9,866,321",13.00,13.05,12.90,12.90,-0.10,243
9958　世紀鋼,102/05/20,"1,920,771","24,895,960",12.90,13.10,12.85,13.10,+0.20,381
9958　世紀鋼,102/05/21,"2,423,346","31,645,314",13.10,13.20,12.95,13.05,-0.05,537
9958　世紀鋼,102/05/22,"1,587,455","20,700,260",13.10,13.10,13.00,13.05, 0.00,342
9958　世紀鋼,102/05/23,"1,226,596","15,906,138",13.05,13.05,12.90,13.00,-0.05,300
9958　世紀鋼,102/05/24,"616,357","7,976,101",13.00,13.10,12.85,12.85,-0.15,152
9958　世紀鋼,102/05/27,"396,050","5,104,042",12.85,12.95,12.85,12.90,+0.05,105
9958　世紀鋼,102/05/28,"653,605","8,414,552",12.90,12.95,12.80,12.80,-0.10,153
9958　世紀鋼,102/05/29,"908,300","11,696,219",12.85,12.95,12.80,12.90,+0.10,187
9958　世紀鋼,102/05/30,"368,200","4,740,620",12.90,12.95,12.85,12.90, 0.00,124
9958　世紀鋼,102/05/31,"666,350","8,608,115",13.00,13.00,12.85,12.85,-0.05,159
9958　世紀鋼,102/06/03,"540,278","6,962,986",12.85,13.00,12.80,12.85, 0.00,145
9958　世紀鋼,102/06/04,"612,250","7,848,900",12.95,12.95,12.75,12.75,-0.10,141
9958　世紀鋼,102/06/05,"522,050","6,643,982",12.75,12.85,12.70,12.75, 0.00,162
9958　世紀鋼,102/06/06,"666,400","8,396,330",12.75,12.75,12.50,12.60,-0.15,178
9958　世紀鋼,102/06/07,"589,278","7,362,625",12.65,12.70,12.35,12.35,-0.25,186
9958　世紀鋼,102/06/10,"438,996","5,465,399",12.45,12.50,12.40,12.40,+0.05,120
9958　世紀鋼,102/06/11,"335,000","4,176,500",12.50,12.55,12.45,12.45,+0.05,80
9958　世紀鋼,102/06/13,"300,163","3,715,388",12.40,12.50,12.30,12.35,-0.10,110
9958　世紀鋼,102/06/14,"574,000","7,029,550",12.35,12.35,12.20,12.20,-0.15,127
9958　世紀鋼,102/06/17,"211,126","2,588,893",12.30,12.30,12.15,12.25,+0.05,76
9958　世紀鋼,102/06/18,"147,500","1,810,925",12.25,12.35,12.25,12.25, 0.00,54
9958　世紀鋼,102/06/19,"297,100","3,637,225",12.25,12.30,12.20,12.30,+0.05,89
9958　世紀鋼,102/06/20,"220,038","2,687,567",12.30,12.30,12.15,12.25,-0.05,71
9958　世紀鋼,102/06/21,"595,543","7,185,769",12.15,12.15,12.00,12.05,-0.20,136
9958　世紀鋼,102/06/24,"393,634","4,736,858",12.05,12.20,12.00,12.00,-0.05,100
9958　世紀鋼,102/06/25,"877,913","10,304,127",11.95,12.05,11.60,11.65,-0.35,217
9958　世紀鋼,102/06/26,"496,500","5,910,224",11.80,12.05,11.80,11.95,+0.30,127
9958　世紀鋼,102/06/27,"461,256","5,491,733",12.05,12.05,11.80,11.95, 0.00,120
9958　世紀鋼,102/06/28,"135,200","1,609,379",11.95,11.95,11.85,11.90,-0.05,60
9958　世紀鋼,102/07/01,"539,344","6,396,160",11.95,12.00,11.80,11.90, 0.00,140
9958　世紀鋼,102/07/02,"613,828","7,271,220",11.90,11.95,11.80,11.90, 0.00,113
9958　世紀鋼,102/07/03,"320,216","3,785,498",11.80,11.90,11.75,11.80,-0.10,84
9958　世紀鋼,102/07/04,"178,000","2,108,500",11.80,11.90,11.80,11.80, 0.00,59
9958　世紀鋼,102/07/05,"405,994","4,806,228",11.85,11.90,11.80,11.85,+0.05,96
9958　世紀鋼,102/07/08,"132,615","1,573,975",11.90,11.90,11.85,11.85, 0.00,59
9958　世紀鋼,102/07/09,"489,000","5,835,750",11.90,12.00,11.90,12.00,+0.15,117
9958　世紀鋼,102/07/10,"2,627,950","32,949,270",12.05,12.80,12.05,12.70,+0.70,716
9958　世紀鋼,102/07/11,"1,776,330","22,611,874",12.70,12.90,12.55,12.60,-0.10,435
9958　世紀鋼,102/07/12,"1,301,000","16,379,850",12.60,12.75,12.50,12.60, 0.00,269
9958　世紀鋼,102/07/15,"946,623","11,931,416",12.65,12.65,12.55,12.60, 0.00,204
9958　世紀鋼,102/07/16,"818,250","10,296,837",12.60,12.65,12.55,12.65,+0.05,179
9958　世紀鋼,102/07/17,"731,925","9,340,042",12.65,12.90,12.60,12.85,+0.20,234
9958　世紀鋼,102/07/18,"599,794","7,654,161",12.85,12.85,12.70,12.85, 0.00,134
9958　世紀鋼,102/07/19,"582,789","7,403,739",12.80,12.80,12.65,12.75,-0.10,180
9958　世紀鋼,102/07/22,"985,252","12,451,524",12.70,12.70,12.60,12.60,X0.00,186
9958　世紀鋼,102/07/23,"643,991","8,129,282",12.60,12.70,12.60,12.70,+0.10,164
9958　世紀鋼,102/07/24,"635,081","8,061,520",12.70,12.75,12.65,12.65,-0.05,123
9958　世紀鋼,102/07/25,"838,000","10,575,950",12.60,12.70,12.55,12.60,-0.05,145
9958　世紀鋼,102/07/26,"632,569","7,989,135",12.65,12.70,12.60,12.65,+0.05,136
9958　世紀鋼,102/07/29,"807,000","10,303,150",12.60,12.90,12.60,12.75,+0.10,230
9958　世紀鋼,102/07/30,"737,867","9,423,402",12.75,12.85,12.70,12.75, 0.00,233
9958　世紀鋼,102/07/31,"798,414","10,086,670",12.75,12.75,12.55,12.60,-0.15,249
9958　世紀鋼,102/08/01,"516,851","6,512,375",12.60,12.65,12.55,12.60, 0.00,148
9958　世紀鋼,102/08/02,"566,645","7,117,710",12.60,12.65,12.50,12.55,-0.05,160
9958　世紀鋼,102/08/05,"1,154,033","14,466,209",12.55,12.60,12.45,12.45,-0.10,429
9958　世紀鋼,102/08/06,"831,750","10,223,673",12.45,12.45,12.15,12.30,-0.15,284
9958　世紀鋼,102/08/07,"423,328","5,150,814",12.20,12.25,12.10,12.15,-0.15,171
9958　世紀鋼,102/08/08,"485,415","5,963,845",12.15,12.40,12.15,12.40,+0.25,217
9958　世紀鋼,102/08/09,"590,200","7,288,449",12.50,12.50,12.20,12.20,-0.20,166
9958　世紀鋼,102/08/12,"590,465","7,176,752",12.10,12.25,12.05,12.15,-0.05,202
9958　世紀鋼,102/08/13,"1,534,038","18,611,705",12.05,12.30,12.05,12.30,+0.15,"1,082"
9958　世紀鋼,102/08/14,"872,651","10,778,864",12.35,12.45,12.25,12.30, 0.00,435
9958　世紀鋼,102/08/15,"593,367","7,291,210",12.30,12.35,12.15,12.30, 0.00,237
9958　世紀鋼,102/08/16,"421,332","5,169,347",12.30,12.35,12.25,12.35,+0.05,186
9958　世紀鋼,102/08/19,"484,107","6,009,975",12.35,12.50,12.35,12.40,+0.05,205
9958　世紀鋼,102/08/20,"570,214","7,062,038",12.50,12.50,12.30,12.30,-0.10,208
9958　世紀鋼,102/08/22,"1,644,514","20,625,472",12.30,12.65,12.30,12.55,+0.25,567
9958　世紀鋼,102/08/23,"657,217","8,230,437",12.65,12.65,12.45,12.50,-0.05,222
9958　世紀鋼,102/08/26,"548,899","6,861,785",12.50,12.55,12.45,12.50, 0.00,155
9958　世紀鋼,102/08/27,"579,387","7,226,148",12.50,12.55,12.35,12.45,-0.05,133
9958　世紀鋼,102/08/28,"538,854","6,657,438",12.45,12.45,12.25,12.40,-0.05,168
9958　世紀鋼,102/08/29,"617,221","7,594,245",12.35,12.40,12.25,12.25,-0.15,180
9958　世紀鋼,102/08/30,"458,603","5,609,585",12.30,12.30,12.20,12.20,-0.05,156
9958　世紀鋼,102/09/02,"377,541","4,632,199",12.20,12.35,12.20,12.35,+0.15,125
9958　世紀鋼,102/09/03,"561,264","6,960,869",12.40,12.45,12.35,12.40,+0.05,178
9958　世紀鋼,102/09/04,"430,281","5,335,817",12.45,12.45,12.35,12.40, 0.00,144
9958　世紀鋼,102/09/05,"1,105,155","13,860,691",12.45,12.60,12.45,12.60,+0.20,307
9958　世紀鋼,102/09/06,"2,278,105","28,995,620",12.65,12.90,12.55,12.70,+0.10,557
9958　世紀鋼,102/09/09,"981,529","12,441,384",12.80,12.80,12.55,12.65,-0.05,274
9958　世紀鋼,102/09/10,"673,064","8,478,848",12.70,12.70,12.50,12.60,-0.05,225
9958　世紀鋼,102/09/11,"773,038","9,704,772",12.60,12.70,12.50,12.55,-0.05,198
9958　世紀鋼,102/09/12,"922,943","11,659,830",12.55,12.80,12.50,12.65,+0.10,255
9958　世紀鋼,102/09/13,"420,508","5,299,049",12.60,12.65,12.55,12.60,-0.05,121
9958　世紀鋼,102/09/14,"4,916,434","63,998,689",12.60,13.25,12.60,12.95,+0.35,"1,208"
9958　世紀鋼,102/09/16,"3,797,975","50,181,751",13.15,13.35,13.00,13.20,+0.25,"1,068"
9958　世紀鋼,102/09/17,"1,374,765","18,089,715",13.30,13.30,13.10,13.10,-0.10,440
9958　世紀鋼,102/09/18,"1,377,972","18,103,479",13.10,13.25,13.05,13.10, 0.00,373
9958　世紀鋼,102/09/23,"4,443,698","60,422,912",13.10,13.85,13.10,13.75,+0.65,"1,143"
9958　世紀鋼,102/09/24,"1,719,626","23,526,558",13.80,13.80,13.60,13.70,-0.05,515
9958　世紀鋼,102/09/25,"7,730,214","108,950,969",13.75,14.55,13.70,14.55,+0.85,"1,701"
9958　世紀鋼,102/09/26,"3,706,263","52,974,108",14.55,14.55,14.15,14.20,-0.35,"1,030"
9958　世紀鋼,102/09/27,"4,100,893","59,547,806",14.25,14.75,14.25,14.40,+0.20,"1,112"
9958　世紀鋼,102/09/30,"4,390,150","61,505,735",14.20,14.40,13.70,14.40, 0.00,"1,200"
9958　世紀鋼,102/10/01,"11,176,010","165,084,732",14.40,15.00,14.35,14.70,+0.30,"2,965"
9958　世紀鋼,102/10/02,"3,117,714","45,500,993",14.70,14.80,14.50,14.60,-0.10,940
9958　世紀鋼,102/10/03,"3,632,728","52,629,153",14.60,14.75,14.30,14.30,-0.30,"1,049"
9958　世紀鋼,102/10/04,"2,557,923","36,720,545",14.40,14.55,14.25,14.30, 0.00,674
9958　世紀鋼,102/10/07,"1,851,050","26,538,611",14.30,14.45,14.25,14.35,+0.05,507
9958　世紀鋼,102/10/08,"1,776,037","25,717,032",14.35,14.60,14.35,14.60,+0.25,580
9958　世紀鋼,102/10/09,"4,048,162","59,692,707",14.70,14.85,14.65,14.70,+0.10,"1,038"
9958　世紀鋼,102/10/11,"2,242,442","32,989,496",14.95,14.95,14.60,14.60,-0.10,632
9958　世紀鋼,102/10/14,"2,378,857","34,187,425",14.60,14.70,14.20,14.40,-0.20,699
9958　世紀鋼,102/10/15,"4,002,062","57,693,883",14.45,14.55,14.35,14.40, 0.00,897
9958　世紀鋼,102/10/16,"3,068,364","41,175,799",13.70,13.70,13.20,13.30,X0.00,924
9958　世紀鋼,102/10/17,"940,953","12,573,717",13.40,13.45,13.30,13.35,+0.05,353
9958　世紀鋼,102/10/18,"937,687","12,492,519",13.35,13.45,13.25,13.35, 0.00,333
9958　世紀鋼,102/10/21,"694,021","9,295,879",13.35,13.45,13.30,13.45,+0.10,250
9958　世紀鋼,102/10/22,"857,847","11,490,247",13.45,13.45,13.35,13.35,-0.10,240
9958　世紀鋼,102/10/23,"1,534,827","20,824,278",13.35,13.70,13.35,13.55,+0.20,452
9958　世紀鋼,102/10/24,"646,906","8,750,980",13.60,13.60,13.45,13.60,+0.05,221
9958　世紀鋼,102/10/25,"949,403","12,801,578",13.50,13.55,13.40,13.45,-0.15,269
9958　世紀鋼,102/10/28,"977,231","13,108,916",13.40,13.60,13.25,13.50,+0.05,298
9958　世紀鋼,102/10/29,"9,920,382","140,822,210",13.70,14.40,13.65,14.00,+0.50,"2,706"
9958　世紀鋼,102/10/30,"5,092,878","71,914,014",14.20,14.30,13.85,14.15,+0.15,"1,447"
9958　世紀鋼,102/10/31,"1,801,959","25,188,626",14.20,14.25,13.85,13.85,-0.30,587
9958　世紀鋼,102/11/01,"4,588,745","65,047,601",14.15,14.30,14.00,14.15,+0.30,"1,176"
9958　世紀鋼,102/11/04,"1,403,707","19,727,260",14.15,14.20,13.95,14.00,-0.15,469
9958　世紀鋼,102/11/05,"2,288,034","31,623,565",14.05,14.05,13.70,13.70,-0.30,679
9958　世紀鋼,102/11/06,"1,018,850","13,954,078",13.95,13.95,13.55,13.60,-0.10,380
9958　世紀鋼,102/11/07,"1,252,583","17,010,886",13.65,13.75,13.45,13.45,-0.15,399
9958　世紀鋼,102/11/08,"1,991,242","26,487,955",13.40,13.50,13.20,13.20,-0.25,609
9958　世紀鋼,102/11/11,"2,205,330","28,246,189",13.10,13.10,12.60,12.70,-0.50,692
9958　世紀鋼,102/11/12,"827,150","10,562,877",12.80,12.95,12.70,12.70, 0.00,324
9958　世紀鋼,102/11/13,"811,730","10,389,094",12.80,12.85,12.75,12.80,+0.10,278
9958　世紀鋼,102/11/14,"1,944,790","25,407,320",12.85,13.20,12.85,13.05,+0.25,690
9958　世紀鋼,102/11/15,"1,001,002","13,049,023",13.15,13.15,12.95,12.95,-0.10,319
9958　世紀鋼,102/11/18,"415,929","5,397,726",13.00,13.10,12.95,12.95, 0.00,181
9958　世紀鋼,102/11/19,"648,549","8,415,563",12.95,13.15,12.90,13.10,+0.15,222
9958　世紀鋼,102/11/20,"498,100","6,501,304",13.10,13.15,13.00,13.00,-0.10,171
9958　世紀鋼,102/11/21,"701,882","9,023,389",13.00,13.00,12.80,12.80,-0.20,225
9958　世紀鋼,102/11/22,"355,158","4,564,275",12.80,12.95,12.80,12.80, 0.00,238
9958　世紀鋼,102/11/25,"525,169","6,774,532",12.90,12.95,12.85,12.95,+0.15,261
9958　世紀鋼,102/11/26,"513,608","6,664,904",13.00,13.05,12.90,13.05,+0.10,242
9958　世紀鋼,102/11/27,"2,396,204","32,037,536",13.05,13.50,13.05,13.35,+0.30,926
9958　世紀鋼,102/11/28,"1,117,480","14,806,393",13.40,13.40,13.15,13.25,-0.10,387
9958　世紀鋼,102/11/29,"771,684","10,208,150",13.35,13.35,13.15,13.25, 0.00,260
9958　世紀鋼,102/12/02,"686,380","9,051,331",13.30,13.30,13.10,13.15,-0.10,244
9958　世紀鋼,102/12/03,"540,788","7,109,953",13.20,13.20,13.10,13.20,+0.05,176
9958　世紀鋼,102/12/04,"394,614","5,183,084",13.20,13.25,13.05,13.15,-0.05,168
9958　世紀鋼,102/12/05,"528,830","6,894,440",13.25,13.25,13.00,13.00,-0.15,190
9958　世紀鋼,102/12/06,"404,911","5,256,793",13.00,13.05,12.90,12.90,-0.10,201
9958　世紀鋼,102/12/09,"566,233","7,333,335",13.05,13.05,12.90,12.90, 0.00,192
9958　世紀鋼,102/12/10,"372,353","4,807,193",12.95,12.95,12.85,12.90, 0.00,142
9958　世紀鋼,102/12/11,"502,661","6,469,319",12.90,12.95,12.80,12.90, 0.00,151
9958　世紀鋼,102/12/12,"412,580","5,295,767",12.85,12.90,12.80,12.80,-0.10,146
9958　世紀鋼,102/12/13,"947,215","12,359,395",12.80,13.15,12.80,13.05,+0.25,295
9958　世紀鋼,102/12/16,"635,715","8,266,695",13.15,13.15,12.90,13.00,-0.05,184
9958　世紀鋼,102/12/17,"3,458,490","46,417,886",13.05,13.60,13.05,13.30,+0.30,"1,041"
9958　世紀鋼,102/12/18,"3,619,917","49,233,368",13.50,13.70,13.45,13.55,+0.25,987
9958　世紀鋼,102/12/19,"6,523,182","90,642,541",13.75,14.10,13.70,13.85,+0.30,"1,435"
9958　世紀鋼,102/12/20,"6,857,740","96,670,659",14.20,14.30,13.85,13.95,+0.10,"1,655"
9958　世紀鋼,102/12/23,"2,732,692","37,966,219",14.05,14.05,13.75,13.95, 0.00,676
9958　世紀鋼,102/12/24,"1,721,487","23,828,731",13.95,14.00,13.80,13.80,-0.15,408
9958　世紀鋼,102/12/25,"1,187,992","16,364,632",13.80,13.95,13.70,13.75,-0.05,350
9958　世紀鋼,102/12/26,"3,326,908","46,545,160",13.75,14.15,13.75,13.95,+0.20,"1,019"
9958　世紀鋼,102/12/27,"22,009,797","323,205,254",14.10,14.90,14.05,14.75,+0.80,"4,948"
9958　世紀鋼,102/12/30,"7,416,367","108,602,354",14.80,14.80,14.50,14.60,-0.15,"1,798"
9958　世紀鋼,102/12/31,"3,970,595","58,062,190",14.60,14.80,14.45,14.65,+0.05,984
9958　世紀鋼,103/01/02,"2,808,049","41,185,404",14.65,14.75,14.55,14.75,+0.10,770
9958　世紀鋼,103/01/03,"7,874,836","115,639,328",14.75,14.90,14.45,14.65,-0.10,"2,006"
9958　世紀鋼,103/01/06,"2,381,079","34,599,372",14.65,14.70,14.40,14.50,-0.15,712
9958　世紀鋼,103/01/07,"2,336,353","33,903,421",14.50,14.60,14.40,14.45,-0.05,654
9958　世紀鋼,103/01/08,"1,941,081","28,129,507",14.50,14.55,14.40,14.40,-0.05,536
9958　世紀鋼,103/01/09,"2,219,628","32,286,365",14.45,14.70,14.40,14.50,+0.10,651
9958　世紀鋼,103/01/10,"4,093,767","58,250,717",14.55,14.55,14.00,14.10,-0.40,"1,062"
9958　世紀鋼,103/01/13,"1,646,782","23,025,619",14.10,14.20,13.85,14.10, 0.00,532
9958　世紀鋼,103/01/14,"3,027,958","43,648,092",14.10,14.65,14.10,14.25,+0.15,"1,031"
9958　世紀鋼,103/01/15,"1,930,548","27,502,223",14.40,14.45,14.15,14.15,-0.10,460
9958　世紀鋼,103/01/16,"1,611,044","22,605,816",14.25,14.30,13.90,13.95,-0.20,546
9958　世紀鋼,103/01/17,"2,337,801","33,118,219",13.95,14.30,13.95,14.20,+0.25,692
9958　世紀鋼,103/01/20,"1,352,318","18,970,681",14.15,14.20,13.95,13.95,-0.25,418
9958　世紀鋼,103/01/21,"2,057,770","28,442,799",13.95,14.00,13.70,13.80,-0.15,690
9958　世紀鋼,103/01/22,"557,508","7,724,306",13.80,13.90,13.80,13.80, 0.00,188
9958　世紀鋼,103/01/23,"879,063","12,099,158",13.85,13.95,13.70,13.70,-0.10,302
9958　世紀鋼,103/01/24,"878,765","12,039,785",13.80,13.80,13.65,13.70, 0.00,271
9958　世紀鋼,103/01/27,"1,525,578","20,691,037",13.60,13.70,13.45,13.65,-0.05,367
9958　世紀鋼,103/02/05,"901,700","12,245,050",13.60,13.65,13.50,13.65, 0.00,272
9958　世紀鋼,103/02/06,"715,976","9,829,864",13.65,13.85,13.65,13.80,+0.15,215
9958　世紀鋼,103/02/07,"829,096","11,436,517",13.80,13.90,13.75,13.80, 0.00,270
9958　世紀鋼,103/02/10,"2,150,986","30,126,554",13.80,14.15,13.80,14.10,+0.30,635
9958　世紀鋼,103/02/11,"1,254,525","17,389,491",13.90,13.90,13.80,13.90,-0.20,429
9958　世紀鋼,103/02/12,"1,211,485","16,745,187",13.90,13.95,13.70,13.70,-0.20,339
9958　世紀鋼,103/02/13,"801,950","11,033,259",13.70,13.85,13.65,13.75,+0.05,211
9958　世紀鋼,103/02/14,"1,113,219","15,272,424",13.75,13.85,13.55,13.60,-0.15,323
9958　世紀鋼,103/02/17,"861,471","11,756,305",13.65,13.75,13.55,13.70,+0.10,216
9958　世紀鋼,103/02/18,"611,889","8,370,686",13.60,13.75,13.60,13.65,-0.05,203
9958　世紀鋼,103/02/19,"934,000","12,841,142",13.65,13.85,13.65,13.70,+0.05,259
9958　世紀鋼,103/02/20,"754,791","10,374,835",13.75,13.85,13.65,13.70, 0.00,231
9958　世紀鋼,103/02/21,"920,926","12,709,139",13.85,13.90,13.70,13.70, 0.00,249
9958　世紀鋼,103/02/24,"1,958,235","27,310,345",13.70,14.05,13.70,13.90,+0.20,521
9958　世紀鋼,103/02/25,"2,874,764","40,342,766",13.90,14.20,13.80,14.10,+0.20,813
9958　世紀鋼,103/02/26,"1,303,270","18,324,300",14.10,14.20,13.95,13.95,-0.15,358
9958　世紀鋼,103/02/27,"963,798","13,443,298",13.95,14.05,13.90,13.90,-0.05,255
9958　世紀鋼,103/03/03,"1,093,217","15,059,018",13.80,13.90,13.70,13.70,-0.20,261
9958　世紀鋼,103/03/04,"1,353,130","18,581,722",13.70,13.85,13.60,13.80,+0.10,332
9958　世紀鋼,103/03/05,"896,359","12,359,384",13.95,13.95,13.70,13.75,-0.05,214
9958　世紀鋼,103/03/06,"1,182,200","16,214,174",13.85,13.85,13.65,13.65,-0.10,319
9958　世紀鋼,103/03/07,"1,341,758","18,282,730",13.75,13.85,13.50,13.50,-0.15,359
9958　世紀鋼,103/03/10,"2,008,481","27,783,306",13.55,13.95,13.55,13.95,+0.45,560
9958　世紀鋼,103/03/11,"9,347,430","132,364,571",14.05,14.35,13.90,13.90,-0.05,"2,316"
9958　世紀鋼,103/03/12,"2,904,679","40,410,319",13.85,14.15,13.75,14.10,+0.20,918
9958　世紀鋼,103/03/13,"1,545,949","21,627,588",14.15,14.15,13.85,13.85,-0.25,453
9958　世紀鋼,103/03/14,"831,370","11,537,437",13.80,13.95,13.80,13.90,+0.05,234
9958　世紀鋼,103/03/17,"872,243","12,052,139",13.90,13.90,13.80,13.80,-0.10,254
9958　世紀鋼,103/03/18,"869,372","12,001,112",13.90,13.90,13.75,13.75,-0.05,247
9958　世紀鋼,103/03/19,"604,619","8,319,678",13.80,13.90,13.70,13.70,-0.05,194
9958　世紀鋼,103/03/20,"750,197","10,241,896",13.70,13.75,13.60,13.65,-0.05,228
9958　世紀鋼,103/03/21,"617,458","8,420,526",13.70,13.70,13.60,13.60,-0.05,195
9958　世紀鋼,103/03/24,"838,085","11,272,505",13.50,13.55,13.35,13.45,-0.15,204
9958　世紀鋼,103/03/25,"632,751","8,629,212",13.45,13.75,13.45,13.60,+0.15,153
9958　世紀鋼,103/03/26,"347,071","4,741,294",13.70,13.75,13.60,13.65,+0.05,137
9958　世紀鋼,103/03/27,"555,378","7,577,489",13.60,13.80,13.60,13.60,-0.05,183
9958　世紀鋼,103/03/28,"431,553","5,867,218",13.65,13.70,13.50,13.60, 0.00,140
9958　世紀鋼,103/03/31,"683,722","9,252,830",13.50,13.65,13.50,13.65,+0.05,188
9958　世紀鋼,103/04/01,"349,248","4,741,591",13.70,13.70,13.55,13.55,-0.10,146
9958　世紀鋼,103/04/02,"742,811","10,043,514",13.55,13.60,13.45,13.45,-0.10,236
9958　世紀鋼,103/04/03,"422,618","5,712,320",13.45,13.60,13.45,13.55,+0.10,151
9958　世紀鋼,103/04/07,"589,940","8,038,431",13.45,13.70,13.45,13.70,+0.15,164
9958　世紀鋼,103/04/08,"443,740","6,042,124",13.70,13.70,13.55,13.65,-0.05,134
9958　世紀鋼,103/04/09,"665,917","9,098,405",13.65,13.80,13.55,13.80,+0.15,211
9958　世紀鋼,103/04/10,"513,194","7,002,135",13.80,13.80,13.55,13.65,-0.15,159
9958　世紀鋼,103/04/11,"914,541","12,326,898",13.50,13.60,13.35,13.40,-0.25,236
9958　世紀鋼,103/04/14,"1,064,917","14,042,661",13.35,13.40,13.05,13.20,-0.20,260
9958　世紀鋼,103/04/15,"493,701","6,587,091",13.25,13.40,13.25,13.30,+0.10,170
9958　世紀鋼,103/04/16,"877,147","11,823,217",13.40,13.60,13.30,13.50,+0.20,314
9958　世紀鋼,103/04/17,"486,205","6,588,104",13.60,13.65,13.45,13.45,-0.05,137
9958　世紀鋼,103/04/18,"476,944","6,427,548",13.45,13.55,13.40,13.50,+0.05,117
9958　世紀鋼,103/04/21,"981,183","13,408,195",13.55,13.80,13.50,13.65,+0.15,287
9958　世紀鋼,103/04/22,"431,036","5,888,337",13.70,13.75,13.60,13.70,+0.05,156
9958　世紀鋼,103/04/23,"1,004,153","13,806,315",13.80,13.85,13.65,13.65,-0.05,301
9958　世紀鋼,103/04/24,"2,317,997","32,111,248",13.65,13.95,13.60,13.90,+0.25,715
9958　世紀鋼,103/04/25,"1,884,010","25,842,285",14.00,14.00,13.40,13.80,-0.10,551
9958　世紀鋼,103/04/28,"1,414,745","19,019,481",13.50,13.60,13.35,13.40,-0.40,422
9958　世紀鋼,103/04/29,"879,176","11,802,254",13.40,13.55,13.35,13.40, 0.00,253
9958　世紀鋼,103/04/30,"1,374,478","18,582,603",13.40,13.65,13.35,13.60,+0.20,433
9958　世紀鋼,103/05/02,"848,646","11,572,402",13.60,13.75,13.55,13.60, 0.00,246
9958　世紀鋼,103/05/05,"384,223","5,210,218",13.60,13.70,13.50,13.50,-0.10,134
9958　世紀鋼,103/05/06,"989,886","13,539,340",13.50,13.90,13.45,13.65,+0.15,275
9958　世紀鋼,103/05/07,"784,829","10,749,754",13.85,13.85,13.65,13.70,+0.05,169
9958　世紀鋼,103/05/08,"8,556,758","123,109,503",14.10,14.65,13.90,14.25,+0.55,"2,077"
9958　世紀鋼,103/05/09,"3,787,447","53,320,658",14.40,14.45,13.85,14.10,-0.15,"1,003"
9958　世紀鋼,103/05/12,"2,210,755","30,933,915",14.00,14.30,13.75,13.80,-0.30,608
9958　世紀鋼,103/05/13,"1,287,931","17,807,554",14.00,14.00,13.60,13.65,-0.15,305
9958　世紀鋼,103/05/14,"624,151","8,522,007",13.65,13.80,13.60,13.65, 0.00,183
9958　世紀鋼,103/05/15,"592,117","8,059,284",13.65,13.75,13.55,13.65, 0.00,147
9958　世紀鋼,103/05/16,"430,579","5,860,643",13.80,13.80,13.55,13.55,-0.10,156
9958　世紀鋼,103/05/19,"452,792","6,173,719",13.55,13.75,13.55,13.70,+0.15,113
9958　世紀鋼,103/05/20,"474,958","6,470,889",13.65,13.75,13.55,13.55,-0.15,130
9958　世紀鋼,103/05/21,"483,455","6,526,314",13.55,13.60,13.45,13.45,-0.10,149
9958　世紀鋼,103/05/22,"614,985","8,287,696",13.50,13.55,13.40,13.45, 0.00,187
9958　世紀鋼,103/05/23,"689,608","9,332,176",13.50,13.65,13.45,13.50,+0.05,196
9958　世紀鋼,103/05/26,"594,141","8,028,987",13.50,13.60,13.45,13.45,-0.05,150
9958　世紀鋼,103/05/27,"384,034","5,176,304",13.45,13.55,13.45,13.45, 0.00,129
9958　世紀鋼,103/05/28,"737,778","9,931,523",13.45,13.55,13.40,13.40,-0.05,167
9958　世紀鋼,103/05/29,"144,948","1,953,395",13.40,13.50,13.40,13.50,+0.10,79
9958　世紀鋼,103/05/30,"375,329","5,070,923",13.50,13.55,13.45,13.50, 0.00,107
9958　世紀鋼,103/06/03,"518,244","7,008,455",13.45,13.70,13.40,13.40,-0.10,129
9958　世紀鋼,103/06/04,"276,089","3,714,690",13.40,13.50,13.40,13.45,+0.05,94
9958　世紀鋼,103/06/05,"329,918","4,431,200",13.45,13.50,13.40,13.40,-0.05,98
9958　世紀鋼,103/06/06,"841,321","11,288,399",13.45,13.55,13.35,13.40, 0.00,161
9958　世紀鋼,103/06/09,"383,292","5,182,059",13.45,13.65,13.40,13.45,+0.05,113
9958　世紀鋼,103/06/10,"571,914","7,661,653",13.45,13.50,13.35,13.35,-0.10,159
9958　世紀鋼,103/06/11,"410,959","5,475,000",13.30,13.40,13.30,13.30,-0.05,140
9958　世紀鋼,103/06/12,"329,600","4,396,929",13.35,13.40,13.30,13.35,+0.05,129
9958　世紀鋼,103/06/13,"360,886","4,817,476",13.30,13.45,13.30,13.35, 0.00,101
9958　世紀鋼,103/06/16,"320,249","4,293,571",13.40,13.50,13.30,13.40,+0.05,101
9958　世紀鋼,103/06/17,"764,020","10,161,464",13.45,13.45,13.25,13.30,-0.10,200
9958　世紀鋼,103/06/18,"829,754","11,143,462",13.30,13.55,13.30,13.45,+0.15,263
9958　世紀鋼,103/06/19,"431,965","5,796,930",13.50,13.50,13.35,13.35,-0.10,117
9958　世紀鋼,103/06/20,"378,070","5,025,123",13.35,13.40,13.25,13.25,-0.10,108
9958　世紀鋼,103/06/23,"522,493","6,919,881",13.30,13.35,13.20,13.20,-0.05,123
9958　世紀鋼,103/06/24,"245,718","3,260,211",13.35,13.35,13.20,13.25,+0.05,107
9958　世紀鋼,103/06/25,"331,278","4,367,155",13.25,13.25,13.15,13.15,-0.10,118
9958　世紀鋼,103/06/26,"345,292","4,546,623",13.15,13.20,13.10,13.20,+0.05,123
9958　世紀鋼,103/06/27,"210,114","2,782,048",13.20,13.30,13.15,13.20, 0.00,79
9958　世紀鋼,103/06/30,"146,451","1,942,347",13.20,13.30,13.20,13.25,+0.05,78
9958　世紀鋼,103/07/01,"178,179","2,367,260",13.20,13.35,13.15,13.30,+0.05,87
9958　世紀鋼,103/07/02,"399,148","5,310,200",13.30,13.40,13.20,13.30, 0.00,126
9958　世紀鋼,103/07/03,"470,559","6,298,660",13.35,13.45,13.30,13.40,+0.10,158
9958　世紀鋼,103/07/04,"608,930","8,205,464",13.55,13.55,13.40,13.40, 0.00,190
9958　世紀鋼,103/07/07,"482,729","6,422,571",13.40,13.45,13.20,13.20,-0.20,135
9958　世紀鋼,103/07/08,"219,885","2,913,228",13.25,13.35,13.20,13.20, 0.00,70
9958　世紀鋼,103/07/09,"480,732","6,421,783",13.30,13.45,13.25,13.30,+0.10,148
9958　世紀鋼,103/07/10,"479,768","6,433,148",13.30,13.50,13.30,13.35,+0.05,214
9958　世紀鋼,103/07/11,"761,482","10,099,459",13.40,13.40,13.15,13.20,-0.15,226
9958　世紀鋼,103/07/14,"458,580","6,043,124",13.20,13.25,13.15,13.25,+0.05,157
9958　世紀鋼,103/07/15,"222,102","2,933,089",13.20,13.30,13.15,13.20,-0.05,96
9958　世紀鋼,103/07/16,"419,811","5,507,323",13.10,13.20,13.10,13.10,-0.10,157
9958　世紀鋼,103/07/17,"322,518","4,239,135",13.10,13.25,13.10,13.15,+0.05,120
9958　世紀鋼,103/07/18,"354,578","4,643,870",13.15,13.20,13.00,13.15, 0.00,119
9958　世紀鋼,103/07/21,"396,824","5,241,874",13.20,13.25,13.15,13.25,+0.10,124
9958　世紀鋼,103/07/22,"282,896","3,764,169",13.25,13.35,13.25,13.35,+0.10,151
9958　世紀鋼,103/07/24,"334,689","4,483,529",13.35,13.45,13.35,13.40,+0.05,120
9958　世紀鋼,103/07/25,"154,422","2,064,111",13.40,13.45,13.30,13.30,-0.10,78
9958　世紀鋼,103/07/28,"654,394","8,810,027",13.30,13.55,13.30,13.50,+0.20,251
9958　世紀鋼,103/07/29,"582,414","7,862,597",13.55,13.55,13.45,13.50, 0.00,219
9958　世紀鋼,103/07/30,"333,753","4,508,086",13.55,13.55,13.45,13.50, 0.00,150
9958　世紀鋼,103/07/31,"251,350","3,390,100",13.50,13.55,13.45,13.50, 0.00,112
9958　世紀鋼,103/08/01,"301,510","4,065,783",13.40,13.55,13.40,13.55,+0.05,124
9958　世紀鋼,103/08/04,"2,107,160","28,912,245",13.55,13.85,13.55,13.75,+0.20,603
9958　世紀鋼,103/08/05,"910,170","12,335,733",13.75,13.75,13.45,13.55,-0.20,315
9958　世紀鋼,103/08/06,"713,756","9,624,379",13.55,13.55,13.40,13.55, 0.00,303
9958　世紀鋼,103/08/07,"2,083,429","28,050,241",13.50,13.55,13.40,13.40,-0.15,607
9958　世紀鋼,103/08/08,"1,783,368","21,676,642",12.50,12.50,11.95,12.15,X0.00,633
9958　世紀鋼,103/08/11,"967,184","11,423,480",12.05,12.05,11.60,11.85,-0.30,345
9958　世紀鋼,103/08/12,"413,786","4,868,522",11.85,11.85,11.70,11.75,-0.10,176
9958　世紀鋼,103/08/13,"321,283","3,800,500",11.75,11.95,11.75,11.75, 0.00,134
9958　世紀鋼,103/08/14,"325,385","3,824,102",11.75,11.85,11.70,11.70,-0.05,126
9958　世紀鋼,103/08/15,"145,209","1,707,205",11.70,11.85,11.70,11.75,+0.05,68
9958　世紀鋼,103/08/18,"300,742","3,497,732",11.70,11.75,11.55,11.65,-0.10,111
9958　世紀鋼,103/08/19,"235,147","2,727,474",11.65,11.70,11.50,11.55,-0.10,88
9958　世紀鋼,103/08/20,"359,264","4,138,085",11.55,11.60,11.50,11.55, 0.00,98
9958　世紀鋼,103/08/21,"169,220","1,964,735",11.60,11.65,11.55,11.55, 0.00,80
9958　世紀鋼,103/08/22,"433,119","5,056,790",11.55,11.75,11.55,11.75,+0.20,154
9958　世紀鋼,103/08/25,"247,081","2,922,243",11.75,11.90,11.75,11.85,+0.10,138
9958　世紀鋼,103/08/26,"1,318,163","16,076,761",11.95,12.45,11.90,12.20,+0.35,487
9958　世紀鋼,103/08/27,"516,743","6,333,526",12.45,12.45,12.10,12.10,-0.10,194
9958　世紀鋼,103/08/28,"130,827","1,586,374",12.20,12.30,12.05,12.05,-0.05,69
9958　世紀鋼,103/08/29,"260,122","3,144,464",12.10,12.20,12.00,12.10,+0.05,126
9958　世紀鋼,103/09/01,"137,624","1,658,738",12.15,12.15,12.00,12.10, 0.00,60
9958　世紀鋼,103/09/02,"271,583","3,247,564",12.00,12.15,11.90,11.95,-0.15,90
9958　世紀鋼,103/09/03,"138,628","1,651,109",11.85,12.05,11.85,11.85,-0.10,61
9958　世紀鋼,103/09/04,"115,457","1,376,137",11.85,12.00,11.85,11.90,+0.05,47
9958　世紀鋼,103/09/05,"136,824","1,635,954",11.90,12.05,11.90,11.95,+0.05,63
9958　世紀鋼,103/09/09,"158,918","1,903,807",11.85,12.15,11.85,12.00,+0.05,63
9958　世紀鋼,103/09/10,"76,550","914,050",12.00,12.05,11.90,11.90,-0.10,28
9958　世紀鋼,103/09/11,"117,410","1,392,306",11.90,11.95,11.80,11.85,-0.05,57
9958　世紀鋼,103/09/12,"141,500","1,662,575",11.80,11.85,11.70,11.70,-0.15,59
9958　世紀鋼,103/09/15,"67,635","790,615",11.65,11.70,11.65,11.70, 0.00,29
9958　世紀鋼,103/09/16,"106,349","1,236,783",11.65,11.70,11.60,11.60,-0.10,47
9958　世紀鋼,103/09/17,"184,739","2,156,595",11.70,11.75,11.55,11.70,+0.10,123
9958　世紀鋼,103/09/18,"81,806","959,719",11.60,11.80,11.60,11.75,+0.05,41
9958　世紀鋼,103/09/19,"134,794","1,573,898",11.80,11.80,11.65,11.65,-0.10,52
9958　世紀鋼,103/09/22,"46,082","537,605",11.65,11.75,11.65,11.65, 0.00,22
9958　世紀鋼,103/09/23,"195,062","2,261,019",11.65,11.70,11.50,11.60,-0.05,60
9958　世紀鋼,103/09/24,"172,000","1,988,650",11.60,11.70,11.50,11.60, 0.00,87
9958　世紀鋼,103/09/25,"315,164","3,605,510",11.60,11.65,11.25,11.35,-0.25,114
9958　世紀鋼,103/09/26,"473,904","5,242,138",11.25,11.25,10.95,11.05,-0.30,169
9958　世紀鋼,103/09/29,"174,071","1,911,452",11.05,11.05,10.90,11.05, 0.00,65
9958　世紀鋼,103/09/30,"216,574","2,367,234",11.00,11.10,10.80,11.00,-0.05,125
9958　世紀鋼,103/10/01,"184,150","2,013,841",11.00,11.05,10.90,10.90,-0.10,93
9958　世紀鋼,103/10/02,"126,026","1,362,980",10.90,10.90,10.70,10.80,-0.10,88
9958　世紀鋼,103/10/03,"164,000","1,786,550",10.80,11.00,10.80,10.90,+0.10,97
9958　世紀鋼,103/10/06,"108,551","1,188,311",10.95,11.00,10.90,11.00,+0.10,52
9958　世紀鋼,103/10/07,"110,141","1,203,086",11.00,11.00,10.85,10.85,-0.15,55
9958　世紀鋼,103/10/08,"99,210","1,070,816",10.80,10.90,10.70,10.75,-0.10,47
9958　世紀鋼,103/10/09,"184,000","1,983,000",10.80,10.95,10.70,10.70,-0.05,79
9958　世紀鋼,103/10/13,"512,675","5,259,799",10.50,10.60,10.05,10.15,-0.55,153
9958　世紀鋼,103/10/14,"280,351","2,823,610",10.15,10.15,10.00,10.05,-0.10,99
9958　世紀鋼,103/10/15,"217,529","2,181,115",10.05,10.10,9.99,10.05, 0.00,79
9958　世紀鋼,103/10/16,"592,011","5,820,440",9.35,10.05,9.35,9.96,-0.09,167
9958　世紀鋼,103/10/17,"538,197","5,461,620",9.96,10.35,9.91,10.10,+0.14,204
9958　世紀鋼,103/10/20,"142,565","1,452,975",10.15,10.30,10.10,10.20,+0.10,64
9958　世紀鋼,103/10/21,"220,690","2,238,166",10.20,10.30,10.00,10.15,-0.05,72
9958　世紀鋼,103/10/22,"171,572","1,742,705",10.25,10.25,10.05,10.15, 0.00,82
9958　世紀鋼,103/10/23,"114,215","1,154,150",10.10,10.15,10.10,10.10,-0.05,42
9958　世紀鋼,103/10/24,"247,055","2,488,352",10.10,10.15,10.00,10.05,-0.05,81
9958　世紀鋼,103/10/27,"120,124","1,204,880",10.05,10.15,9.97,10.00,-0.05,55
9958　世紀鋼,103/10/28,"136,031","1,373,014",10.05,10.15,10.00,10.15,+0.15,61
9958　世紀鋼,103/10/29,"121,299","1,226,969",10.20,10.20,10.05,10.10,-0.05,42
9958　世紀鋼,103/10/30,"60,082","606,970",10.10,10.20,10.05,10.10, 0.00,30
9958　世紀鋼,103/10/31,"205,073","2,072,840",10.10,10.15,10.05,10.15,+0.05,95
9958　世紀鋼,103/11/03,"170,349","1,725,591",10.20,10.20,10.10,10.15, 0.00,126
9958　世紀鋼,103/11/04,"152,000","1,539,750",10.20,10.20,10.10,10.15, 0.00,83
9958　世紀鋼,103/11/05,"142,828","1,443,030",10.15,10.15,10.10,10.10,-0.05,35
9958　世紀鋼,103/11/06,"124,010","1,252,600",10.05,10.25,10.05,10.05,-0.05,62
9958　世紀鋼,103/11/07,"101,582","1,022,720",10.05,10.15,10.05,10.10,+0.05,41
9958　世紀鋼,103/11/10,"186,035","1,878,703",10.10,10.15,10.05,10.10, 0.00,44
9958　世紀鋼,103/11/11,"103,000","1,032,550",10.10,10.15,10.00,10.00,-0.10,48
9958　世紀鋼,103/11/12,"191,765","1,918,710",10.00,10.05,9.95,10.00, 0.00,69
9958　世紀鋼,103/11/13,"170,496","1,699,073",10.00,10.05,9.92,9.99,-0.01,64
9958　世紀鋼,103/11/14,"285,500","2,831,195",10.00,10.05,9.85,9.87,-0.12,119
9958　世紀鋼,103/11/17,"188,646","1,860,989",9.82,9.93,9.80,9.86,-0.01,73
9958　世紀鋼,103/11/18,"224,654","2,215,124",9.85,9.91,9.80,9.80,-0.06,89
9958　世紀鋼,103/11/19,"87,300","856,609",9.80,9.85,9.79,9.80, 0.00,41
9958　世紀鋼,103/11/20,"171,027","1,679,674",9.80,9.87,9.78,9.81,+0.01,59
9958　世紀鋼,103/11/21,"99,180","975,023",9.88,9.88,9.80,9.85,+0.04,32
9958　世紀鋼,103/11/24,"221,781","2,200,781",9.91,10.05,9.85,9.99,+0.14,68
9958　世紀鋼,103/11/25,"38,247","381,135",9.99,9.99,9.87,9.95,-0.04,17
9958　世紀鋼,103/11/26,"109,708","1,084,463",9.90,9.98,9.82,9.92,-0.03,52
9958　世紀鋼,103/11/27,"67,229","665,845",9.86,9.97,9.85,9.88,-0.04,28
9958　世紀鋼,103/11/28,"281,380","2,746,687",9.88,9.92,9.72,9.84,-0.04,84
9958　世紀鋼,103/12/01,"110,097","1,078,767",9.60,9.87,9.52,9.87,+0.03,54
9958　世紀鋼,103/12/02,"81,167","795,558",9.75,9.88,9.75,9.77,-0.10,46
9958　世紀鋼,103/12/03,"129,656","1,273,658",9.80,9.89,9.79,9.88,+0.11,47
9958　世紀鋼,103/12/04,"50,239","497,771",9.89,9.98,9.87,9.88, 0.00,32
9958　世紀鋼,103/12/05,"77,770","772,280",9.98,9.98,9.90,9.92,+0.04,33
9958　世紀鋼,103/12/08,"70,186","698,164",9.99,9.99,9.92,9.95,+0.03,30
9958　世紀鋼,103/12/09,"85,114","849,157",9.94,10.00,9.92,9.95, 0.00,30
9958　世紀鋼,103/12/10,"95,545","943,080",9.95,9.95,9.80,9.81,-0.14,45
9958　世紀鋼,103/12/11,"95,050","945,257",9.95,9.95,9.93,9.94,+0.13,49
9958　世紀鋼,103/12/12,"151,075","1,507,444",9.94,10.05,9.94,9.96,+0.02,61
9958　世紀鋼,103/12/15,"63,293","626,188",9.82,9.97,9.82,9.86,-0.10,30
9958　世紀鋼,103/12/16,"139,082","1,386,781",9.84,10.00,9.84,9.97,+0.11,73
9958　世紀鋼,103/12/17,"898,242","9,044,004",9.99,10.20,9.90,9.93,-0.04,153
9958　世紀鋼,103/12/18,"93,900","935,579",9.95,9.99,9.94,9.95,+0.02,38
9958　世紀鋼,103/12/19,"156,498","1,554,787",9.96,9.98,9.90,9.92,-0.03,56
9958　世紀鋼,103/12/22,"140,000","1,390,060",9.92,9.98,9.92,9.95,+0.03,33
9958　世紀鋼,103/12/23,"111,000","1,105,830",9.98,9.98,9.92,9.96,+0.01,37
9958　世紀鋼,103/12/24,"237,244","2,383,279",9.99,10.10,9.95,10.10,+0.14,100
9958　世紀鋼,103/12/25,"143,172","1,445,286",10.15,10.15,10.00,10.15,+0.05,61
9958　世紀鋼,103/12/26,"2,722,197","29,252,774",10.15,10.85,10.15,10.85,+0.70,835
9958　世紀鋼,103/12/27,"666,177","7,132,492",10.85,10.85,10.60,10.80,-0.05,258
9958　世紀鋼,103/12/29,"315,550","3,386,910",10.80,10.85,10.60,10.70,-0.10,131
9958　世紀鋼,103/12/30,"274,000","2,939,350",10.65,10.80,10.65,10.75,+0.05,91
9958　世紀鋼,103/12/31,"497,355","5,403,416",10.80,10.95,10.70,10.95,+0.20,165
9958　世紀鋼,104/01/05,"248,207","2,670,571",11.00,11.00,10.70,10.75,-0.20,185
9958　世紀鋼,104/01/06,"220,102","2,333,520",10.65,10.80,10.45,10.60,-0.15,88
9958　世紀鋼,104/01/07,"144,156","1,511,886",10.45,10.55,10.45,10.50,-0.10,61
9958　世紀鋼,104/01/08,"209,650","2,196,640",10.70,10.70,10.40,10.45,-0.05,94
9958　世紀鋼,104/01/09,"196,361","2,053,253",10.50,10.60,10.40,10.50,+0.05,67
9958　世紀鋼,104/01/12,"157,012","1,631,373",10.50,10.50,10.30,10.35,-0.15,77
9958　世紀鋼,104/01/13,"166,492","1,717,815",10.30,10.40,10.30,10.35, 0.00,64
9958　世紀鋼,104/01/14,"164,308","1,695,920",10.35,10.40,10.20,10.35, 0.00,83
9958　世紀鋼,104/01/15,"110,476","1,136,154",10.40,10.40,10.20,10.25,-0.10,54
9958　世紀鋼,104/01/16,"197,661","2,007,225",10.20,10.25,10.10,10.20,-0.05,79
9958　世紀鋼,104/01/19,"189,132","1,916,383",10.30,10.30,10.05,10.15,-0.05,65
9958　世紀鋼,104/01/20,"70,163","715,446",10.20,10.25,10.15,10.20,+0.05,38
9958　世紀鋼,104/01/21,"98,484","997,310",10.25,10.25,10.05,10.10,-0.10,55
9958　世紀鋼,104/01/22,"112,563","1,146,911",10.10,10.25,10.10,10.20,+0.10,53
9958　世紀鋼,104/01/23,"103,730","1,065,645",10.25,10.40,10.20,10.25,+0.05,54
9958　世紀鋼,104/01/26,"80,328","817,512",10.25,10.25,10.10,10.15,-0.10,38
9958　世紀鋼,104/01/27,"74,330","754,049",10.20,10.20,10.10,10.15, 0.00,33
9958　世紀鋼,104/01/28,"34,247","347,344",10.10,10.15,10.10,10.10,-0.05,23
9958　世紀鋼,104/01/29,"52,000","527,350",10.10,10.20,10.10,10.20,+0.10,21
9958　世紀鋼,104/01/30,"87,165","892,683",10.25,10.30,10.15,10.25,+0.05,34
9958　世紀鋼,104/02/02,"32,935","334,600",10.25,10.25,10.10,10.15,-0.10,21
9958　世紀鋼,104/02/03,"63,000","638,400",10.20,10.20,10.10,10.15, 0.00,39
9958　世紀鋼,104/02/04,"207,582","2,103,728",10.15,10.20,10.05,10.15, 0.00,64
9958　世紀鋼,104/02/05,"82,211","831,625",10.15,10.15,10.05,10.15, 0.00,36
9958　世紀鋼,104/02/06,"39,910","405,045",10.15,10.20,10.10,10.10,-0.05,20
9958　世紀鋼,104/02/09,"56,449","569,340",10.10,10.15,10.05,10.10, 0.00,24
9958　世紀鋼,104/02/10,"87,367","882,856",10.15,10.20,10.05,10.15,+0.05,57
9958　世紀鋼,104/02/11,"111,000","1,115,250",10.20,10.20,10.00,10.15, 0.00,57
9958　世紀鋼,104/02/12,"69,000","694,750",10.10,10.10,10.00,10.10,-0.05,25
9958　世紀鋼,104/02/13,"182,899","1,834,003",10.10,10.10,10.00,10.00,-0.10,67
9958　世紀鋼,104/02/24,"174,140","1,749,250",10.20,10.20,9.98,10.10,+0.10,67
9958　世紀鋼,104/02/25,"132,760","1,328,112",10.05,10.05,9.99,10.00,-0.10,38
9958　世紀鋼,104/02/26,"90,963","909,888",10.00,10.05,9.98,10.00, 0.00,44
9958　世紀鋼,104/03/02,"125,536","1,259,008",9.99,10.10,9.99,10.10,+0.10,39
9958　世紀鋼,104/03/03,"58,414","589,529",10.10,10.10,10.00,10.10, 0.00,30
9958　世紀鋼,104/03/04,"93,503","935,900",10.05,10.10,9.99,10.00,-0.10,38
9958　世紀鋼,104/03/05,"68,000","679,610",9.98,10.00,9.98,10.00, 0.00,30
9958　世紀鋼,104/03/06,"83,000","830,000",10.00,10.05,9.98,10.00, 0.00,32
9958　世紀鋼,104/03/09,"104,000","1,043,450",10.00,10.10,9.98,10.05,+0.05,29
9958　世紀鋼,104/03/10,"50,050","501,300",10.00,10.05,10.00,10.00,-0.05,24
9958　世紀鋼,104/03/11,"56,619","566,210",10.00,10.05,9.98,9.99,-0.01,42
9958　世紀鋼,104/03/12,"129,510","1,294,354",10.00,10.00,9.98,9.98,-0.01,46
9958　世紀鋼,104/03/13,"120,690","1,207,234",10.00,10.10,9.98,10.00,+0.02,47
9958　世紀鋼,104/03/16,"68,532","682,716",10.00,10.00,9.93,9.99,-0.01,35
9958　世紀鋼,104/03/17,"52,251","522,240",9.99,10.00,9.98,9.98,-0.01,33
9958　世紀鋼,104/03/18,"144,077","1,441,051",10.00,10.05,9.97,9.97,-0.01,52
9958　世紀鋼,104/03/19,"116,000","1,161,880",10.00,10.10,9.99,10.00,+0.03,52
9958　世紀鋼,104/03/20,"199,055","1,988,230",10.00,10.05,9.90,10.00, 0.00,60
9958　世紀鋼,104/03/23,"141,082","1,418,066",10.00,10.10,10.00,10.00, 0.00,61
9958　世紀鋼,104/03/24,"144,359","1,444,865",10.00,10.10,9.96,9.96,-0.04,57
9958　世紀鋼,104/03/25,"78,207","780,336",9.99,9.99,9.96,9.99,+0.03,35
9958　世紀鋼,104/03/26,"143,752","1,434,850",9.98,10.05,9.91,10.05,+0.06,59
9958　世紀鋼,104/03/27,"167,420","1,681,550",10.00,10.15,10.00,10.05, 0.00,74
9958　世紀鋼,104/03/30,"264,413","2,670,798",10.05,10.15,10.05,10.10,+0.05,82
9958　世紀鋼,104/03/31,"80,000","809,550",10.10,10.20,10.05,10.10, 0.00,32
9958　世紀鋼,104/04/01,"94,414","946,819",10.05,10.05,10.00,10.00,-0.10,31
9958　世紀鋼,104/04/02,"141,571","1,419,210",10.00,10.05,9.98,10.00, 0.00,45
9958　世紀鋼,104/04/07,"168,758","1,693,873",10.00,10.05,10.00,10.05,+0.05,40
9958　世紀鋼,104/04/08,"93,465","937,170",10.10,10.10,9.99,10.10,+0.05,44
9958　世紀鋼,104/04/09,"118,307","1,184,220",10.10,10.10,9.99,10.05,-0.05,44
9958　世紀鋼,104/04/10,"134,000","1,339,610",10.00,10.00,9.99,9.99,-0.06,36
9958　世紀鋼,104/04/13,"89,218","893,054",10.00,10.10,10.00,10.00,+0.01,34
9958　世紀鋼,104/04/14,"77,001","774,410",10.00,10.10,10.00,10.05,+0.05,29
9958　世紀鋼,104/04/15,"138,369","1,383,880",10.05,10.05,9.99,9.99,-0.06,46
9958　世紀鋼,104/04/16,"104,207","1,043,169",10.00,10.05,9.98,10.00,+0.01,49
9958　世紀鋼,104/04/17,"60,766","607,227",10.00,10.00,9.98,10.00, 0.00,48
9958　世紀鋼,104/04/20,"117,122","1,170,815",10.00,10.05,9.95,9.98,-0.02,42
9958　世紀鋼,104/04/21,"83,000","829,640",10.00,10.00,9.99,10.00,+0.02,26
9958　世紀鋼,104/04/22,"318,417","3,183,120",10.00,10.00,9.98,9.98,-0.02,64
9958　世紀鋼,104/04/23,"63,091","629,482",9.98,10.00,9.96,10.00,+0.02,34
9958　世紀鋼,104/04/24,"219,573","2,190,355",10.00,10.00,9.95,9.99,-0.01,81
9958　世紀鋼,104/04/27,"172,702","1,727,530",9.98,10.05,9.96,10.05,+0.06,77
9958　世紀鋼,104/04/28,"190,440","1,907,520",10.10,10.10,9.99,10.10,+0.05,70
9958　世紀鋼,104/04/29,"166,473","1,670,069",10.10,10.10,10.00,10.00,-0.10,92
9958　世紀鋼,104/04/30,"237,582","2,396,020",10.10,10.10,10.05,10.10,+0.10,94
9958　世紀鋼,104/05/04,"378,041","3,801,262",10.15,10.20,10.00,10.10, 0.00,87
9958　世紀鋼,104/05/05,"447,897","4,431,153",10.00,10.00,9.80,9.94,-0.16,156
9958　世紀鋼,104/05/06,"181,885","1,796,830",9.94,9.94,9.82,9.94, 0.00,92
9958　世紀鋼,104/05/07,"126,452","1,249,074",9.90,9.97,9.85,9.88,-0.06,72
9958　世紀鋼,104/05/08,"198,000","1,936,650",9.75,9.85,9.75,9.85,-0.03,86
9958　世紀鋼,104/05/11,"337,020","3,216,577",9.80,9.80,9.40,9.50,-0.35,166
9958　世紀鋼,104/05/12,"247,414","2,264,470",9.03,9.40,9.03,9.20,-0.30,115
9958　世紀鋼,104/05/13,"263,260","2,384,058",9.20,9.20,8.98,9.10,-0.10,102
9958　世紀鋼,104/05/14,"147,629","1,330,250",9.03,9.05,8.98,9.00,-0.10,62
9958　世紀鋼,104/05/15,"216,414","1,921,602",9.00,9.00,8.80,8.80,-0.20,102
9958　世紀鋼,104/05/18,"574,439","4,738,051",8.19,8.46,8.19,8.25,-0.55,189
9958　世紀鋼,104/05/19,"231,800","1,952,309",8.25,8.59,8.22,8.58,+0.33,114
9958　世紀鋼,104/05/20,"310,021","2,720,874",8.65,8.89,8.65,8.87,+0.29,146
9958　世紀鋼,104/05/21,"215,543","1,902,371",8.70,9.00,8.70,8.80,-0.07,76
9958　世紀鋼,104/05/22,"267,300","2,413,070",8.80,9.20,8.71,9.09,+0.29,107
9958　世紀鋼,104/05/25,"141,000","1,282,140",9.10,9.17,9.02,9.07,-0.02,67
9958　世紀鋼,104/05/26,"181,055","1,634,955",9.17,9.20,9.00,9.00,-0.07,44
9958　世紀鋼,104/05/27,"82,485","740,654",8.85,9.08,8.85,8.95,-0.05,40
9958　世紀鋼,104/05/28,"124,082","1,121,698",9.05,9.11,8.95,9.09,+0.14,42
9958　世紀鋼,104/05/29,"104,744","949,410",9.14,9.20,9.00,9.00,-0.09,39
9958　世紀鋼,104/06/01,"238,200","2,219,426",9.00,9.48,9.00,9.40,+0.40,108
9958　世紀鋼,104/06/02,"84,386","792,079",9.50,9.50,9.30,9.40, 0.00,34
9958　世紀鋼,104/06/03,"62,000","584,380",9.50,9.60,9.33,9.37,-0.03,38
9958　世紀鋼,104/06/04,"165,805","1,514,644",9.37,9.45,8.86,8.86,-0.51,90
9958　世紀鋼,104/06/05,"237,000","2,145,160",8.86,9.48,8.85,9.06,+0.20,92
9958　世紀鋼,104/06/08,"68,482","620,988",9.06,9.15,9.01,9.01,-0.05,41
9958　世紀鋼,104/06/09,"171,574","1,520,624",8.87,9.26,8.63,8.93,-0.08,86
9958　世紀鋼,104/06/10,"138,082","1,222,408",8.20,8.97,8.20,8.96,+0.03,56
9958　世紀鋼,104/06/11,"110,041","984,394",8.97,9.00,8.85,8.96, 0.00,46
9958　世紀鋼,104/06/12,"70,828","633,578",8.83,9.01,8.83,9.00,+0.04,40
9958　世紀鋼,104/06/15,"72,000","648,700",9.00,9.08,8.89,9.05,+0.05,31
9958　世紀鋼,104/06/16,"77,248","693,759",9.05,9.08,8.89,8.90,-0.15,31
9958　世紀鋼,104/06/17,"179,000","1,611,440",8.90,9.36,8.67,9.00,+0.10,111
9958　世紀鋼,104/06/18,"92,124","839,368",9.00,9.22,9.00,9.11,+0.11,43
9958　世紀鋼,104/06/22,"195,166","1,766,600",9.11,9.19,8.91,9.18,+0.07,45
9958　世紀鋼,104/06/23,"41,000","380,450",9.40,9.40,9.13,9.19,+0.01,25
9958　世紀鋼,104/06/24,"163,082","1,511,564",9.23,9.38,9.19,9.30,+0.11,79
9958　世紀鋼,104/06/25,"111,235","1,048,858",9.25,9.58,9.25,9.43,+0.13,58
9958　世紀鋼,104/06/26,"89,076","846,956",9.46,9.60,9.43,9.43, 0.00,46
9958　世紀鋼,104/06/29,"79,084","733,922",9.30,9.35,9.17,9.32,-0.11,43
9958　世紀鋼,104/06/30,"102,242","954,950",9.20,9.49,9.20,9.34,+0.02,35
9958　世紀鋼,104/07/01,"188,165","1,776,111",9.34,9.57,9.31,9.42,+0.08,78
9958　世紀鋼,104/07/02,"87,376","820,754",9.41,9.45,9.31,9.43,+0.01,32
9958　世紀鋼,104/07/03,"127,500","1,194,069",9.31,9.49,9.31,9.42,-0.01,57
9958　世紀鋼,104/07/06,"131,098","1,230,581",9.33,9.46,9.32,9.40,-0.02,46
9958　世紀鋼,104/07/07,"113,111","1,063,183",9.40,9.45,9.31,9.41,+0.01,50
9958　世紀鋼,104/07/08,"146,182","1,367,170",9.48,9.48,9.03,9.41, 0.00,73
9958　世紀鋼,104/07/09,"113,305","1,057,796",9.15,9.41,9.15,9.28,-0.13,49
9958　世紀鋼,104/07/13,"95,309","888,851",9.30,9.39,9.28,9.28, 0.00,41
9958　世紀鋼,104/07/14,"124,207","1,152,180",9.25,9.32,9.25,9.30,+0.02,53
9958　世紀鋼,104/07/15,"68,289","637,947",9.29,9.42,9.25,9.35,+0.05,35
9958　世紀鋼,104/07/16,"64,001","597,869",9.35,9.39,9.30,9.35, 0.00,26
9958　世紀鋼,104/07/17,"58,000","541,970",9.30,9.39,9.30,9.35, 0.00,27
9958　世紀鋼,104/07/20,"48,000","448,250",9.39,9.43,9.30,9.30,-0.05,24
9958　世紀鋼,104/07/21,"57,768","537,566",9.18,9.38,9.18,9.30, 0.00,30
9958　世紀鋼,104/07/22,"95,722","889,680",9.30,9.36,9.22,9.33,+0.03,27
9958　世紀鋼,104/07/23,"92,800","866,493",9.30,9.42,9.28,9.37,+0.04,57
9958　世紀鋼,104/07/24,"27,414","255,780",9.28,9.40,9.28,9.34,-0.03,16
9958　世紀鋼,104/07/27,"211,000","1,933,450",9.35,9.35,9.01,9.15,-0.19,73
9958　世紀鋼,104/07/28,"175,632","1,590,311",9.15,9.30,8.98,9.17,+0.02,81
9958　世紀鋼,104/07/29,"87,600","801,646",9.20,9.20,9.05,9.17, 0.00,37
9958　世紀鋼,104/07/30,"145,000","1,340,480",9.19,9.38,9.15,9.20,+0.03,56
9958　世紀鋼,104/07/31,"96,395","888,143",9.20,9.28,9.15,9.21,+0.01,44
9958　世紀鋼,104/08/03,"56,000","512,480",9.01,9.23,9.01,9.17,-0.04,29
9958　世紀鋼,104/08/04,"54,758","503,272",9.31,9.31,9.13,9.20,+0.03,25
9958　世紀鋼,104/08/05,"62,000","572,470",9.28,9.28,9.10,9.25,+0.05,32
9958　世紀鋼,104/08/06,"22,000","201,910",9.15,9.24,9.14,9.19,-0.06,9
9958　世紀鋼,104/08/07,"32,000","294,220",9.29,9.29,9.16,9.19, 0.00,9
9958　世紀鋼,104/08/10,"46,000","424,940",9.20,9.29,9.15,9.26,+0.07,18
9958　世紀鋼,104/08/11,"97,143","899,835",9.28,9.34,9.15,9.27,+0.01,39
9958　世紀鋼,104/08/12,"77,000","707,730",9.29,9.29,9.16,9.22,-0.05,23
9958　世紀鋼,104/08/13,"97,291","890,988",9.28,9.28,9.10,9.15,-0.07,30
9958　世紀鋼,104/08/14,"113,831","1,035,542",9.14,9.14,9.06,9.06,-0.09,44
9958　世紀鋼,104/08/17,"104,120","942,855",9.01,9.15,9.01,9.15,+0.09,30
9958　世紀鋼,104/08/18,"71,351","647,913",9.04,9.15,9.03,9.13,-0.02,37
9958　世紀鋼,104/08/19,"255,492","2,271,158",9.08,9.09,8.72,8.83,-0.30,119
9958　世紀鋼,104/08/20,"267,200","2,379,831",8.60,8.99,8.60,8.93,+0.10,120
9958　世紀鋼,104/08/21,"241,102","2,028,835",8.50,8.50,8.30,8.30,X0.00,98
9958　世紀鋼,104/08/24,"382,908","3,027,601",7.71,8.27,7.70,7.80,-0.50,171
9958　世紀鋼,104/08/25,"346,456","2,675,751",7.02,8.12,7.02,7.95,+0.15,131
9958　世紀鋼,104/08/26,"212,817","1,678,910",7.80,7.99,7.71,7.97,+0.02,88
9958　世紀鋼,104/08/27,"119,400","963,178",7.97,8.15,7.91,8.07,+0.10,73
9958　世紀鋼,104/08/28,"178,504","1,458,287",8.08,8.29,8.08,8.29,+0.22,62
9958　世紀鋼,104/08/31,"49,000","407,490",8.29,8.40,8.16,8.40,+0.11,18
9958　世紀鋼,104/09/01,"125,082","1,093,086",8.30,8.90,8.30,8.74,+0.34,67
9958　世紀鋼,104/09/02,"108,000","943,110",8.84,8.84,8.70,8.75,+0.01,45
9958　世紀鋼,104/09/03,"319,073","2,857,042",8.70,9.10,8.70,9.08,+0.33,109
9958　世紀鋼,104/09/04,"174,153","1,574,915",9.09,9.10,8.99,9.10,+0.02,54
9958　世紀鋼,104/09/07,"115,733","1,049,787",9.09,9.14,9.00,9.09,-0.01,35
9958　世紀鋼,104/09/08,"63,045","571,152",9.09,9.10,9.03,9.10,+0.01,26
9958　世紀鋼,104/09/09,"141,329","1,279,581",9.09,9.10,9.00,9.09,-0.01,47
9958　世紀鋼,104/09/10,"124,679","1,131,184",9.09,9.10,9.03,9.10,+0.01,47
9958　世紀鋼,104/09/11,"59,059","534,263",9.05,9.10,9.00,9.05,-0.05,33
9958　世紀鋼,104/09/14,"121,802","1,097,198",9.00,9.05,8.91,9.05, 0.00,45
9958　世紀鋼,104/09/15,"55,739","503,981",9.05,9.10,9.00,9.10,+0.05,31
9958　世紀鋼,104/09/16,"55,900","507,899",9.10,9.13,9.01,9.10, 0.00,25
9958　世紀鋼,104/09/17,"130,082","1,177,588",9.01,9.15,8.91,9.03,-0.07,42
9958　世紀鋼,104/09/18,"39,520","358,980",9.05,9.10,9.04,9.09,+0.06,15
9958　世紀鋼,104/09/21,"78,041","704,139",9.03,9.10,8.91,9.10,+0.01,34
9958　世紀鋼,104/09/22,"138,035","1,244,785",9.05,9.09,8.94,9.07,-0.03,52
9958　世紀鋼,104/09/23,"76,000","686,480",9.09,9.09,8.98,9.03,-0.04,28
9958　世紀鋼,104/09/24,"56,000","506,530",9.13,9.13,9.00,9.00,-0.03,30
9958　世紀鋼,104/09/25,"56,083","507,541",9.09,9.10,9.00,9.00, 0.00,21
9958　世紀鋼,104/09/30,"66,177","598,143",9.09,9.09,8.96,9.00, 0.00,19
9958　世紀鋼,104/10/01,"100,165","910,783",9.09,9.13,9.05,9.05,+0.05,36
9958　世紀鋼,104/10/02,"44,000","400,950",9.10,9.20,9.05,9.05, 0.00,20
9958　世紀鋼,104/10/05,"81,000","734,330",9.14,9.14,9.03,9.10,+0.05,17
9958　世紀鋼,104/10/06,"72,000","655,250",9.10,9.11,9.05,9.10, 0.00,13
9958　世紀鋼,104/10/07,"56,561","512,209",9.10,9.11,9.01,9.02,-0.08,23
9958　世紀鋼,104/10/08,"96,266","871,572",9.02,9.10,9.00,9.08,+0.06,56
9958　世紀鋼,104/10/12,"212,100","1,947,586",9.08,9.30,9.00,9.16,+0.08,102
9958　世紀鋼,104/10/13,"384,072","3,602,858",9.16,9.50,9.16,9.50,+0.34,145
9958　世紀鋼,104/10/14,"394,686","3,863,439",9.59,9.93,9.59,9.72,+0.22,159
9958　世紀鋼,104/10/15,"318,835","3,161,518",9.85,10.00,9.70,9.85,+0.13,131
9958　世紀鋼,104/10/16,"324,368","3,222,646",10.00,10.00,9.87,9.92,+0.07,92
9958　世紀鋼,104/10/19,"128,008","1,269,603",9.91,9.98,9.87,9.93,+0.01,51
9958　世紀鋼,104/10/20,"210,880","2,090,868",9.90,9.95,9.89,9.90,-0.03,61
9958　世紀鋼,104/10/21,"161,079","1,597,798",9.90,9.97,9.90,9.91,+0.01,48
9958　世紀鋼,104/10/22,"202,010","2,003,198",9.95,9.95,9.90,9.90,-0.01,36
9958　世紀鋼,104/10/23,"88,887","882,178",9.95,9.95,9.90,9.93,+0.03,32
9958　世紀鋼,104/10/26,"91,307","908,137",9.93,9.99,9.87,9.96,+0.03,34
9958　世紀鋼,104/10/27,"183,789","1,829,654",9.91,9.99,9.91,9.98,+0.02,60
9958　世紀鋼,104/10/28,"97,105","965,960",9.95,9.98,9.88,9.96,-0.02,35
9958　世紀鋼,104/10/29,"115,880","1,153,375",9.94,9.97,9.94,9.97,+0.01,48
9958　世紀鋼,104/10/30,"133,329","1,328,419",9.95,9.98,9.94,9.97, 0.00,40
9958　世紀鋼,104/11/02,"83,571","833,831",9.97,9.99,9.95,9.96,-0.01,33
9958　世紀鋼,104/11/03,"94,440","934,834",9.78,9.97,9.78,9.96, 0.00,33
9958　世紀鋼,104/11/04,"535,306","5,328,180",9.91,10.10,9.88,10.00,+0.04,118
9958　世紀鋼,104/11/05,"115,888","1,160,180",10.05,10.10,9.98,10.00, 0.00,48
9958　世紀鋼,104/11/06,"205,440","2,055,761",10.00,10.05,9.90,10.00, 0.00,61
9958　世紀鋼,104/11/09,"94,200","941,270",10.00,10.00,9.98,10.00, 0.00,27
9958　世紀鋼,104/11/10,"135,597","1,352,813",9.81,10.05,9.81,10.00, 0.00,47
9958　世紀鋼,104/11/11,"142,240","1,430,509",10.15,10.15,9.98,10.05,+0.05,52
9958　世紀鋼,104/11/12,"120,240","1,204,047",10.05,10.05,9.99,10.00,-0.05,41
9958　世紀鋼,104/11/13,"110,161","1,101,196",10.00,10.05,9.97,9.99,-0.01,42
9958　世紀鋼,104/11/16,"80,894","807,570",10.00,10.00,9.97,9.98,-0.01,33
9958　世紀鋼,104/11/17,"144,280","1,444,229",10.00,10.05,9.99,10.00,+0.02,48
9958　世紀鋼,104/11/18,"101,167","1,012,050",10.10,10.10,9.96,10.05,+0.05,69
9958　世紀鋼,104/11/19,"145,354","1,446,040",9.97,10.00,9.88,9.99,-0.06,72
9958　世紀鋼,104/11/20,"108,886","1,082,588",10.00,10.00,9.90,9.99, 0.00,47
9958　世紀鋼,104/11/23,"80,462","801,661",9.91,10.00,9.91,9.99, 0.00,33
9958　世紀鋼,104/11/24,"58,716","586,603",9.99,10.00,9.96,9.98,-0.01,25
9958　世紀鋼,104/11/25,"65,534","652,933",9.98,9.99,9.90,9.99,+0.01,27
9958　世紀鋼,104/11/26,"109,594","1,091,520",9.99,9.99,9.92,9.97,-0.02,38
9958　世紀鋼,104/11/27,"48,090","480,106",9.99,10.00,9.96,9.96,-0.01,21
9958　世紀鋼,104/11/30,"35,445","351,765",9.99,9.99,9.88,9.97,+0.01,15
9958　世紀鋼,104/12/01,"79,519","792,315",9.99,10.00,9.90,9.98,+0.01,43
9958　世紀鋼,104/12/02,"56,200","559,688",9.99,9.99,9.93,9.95,-0.03,26
9958　世紀鋼,104/12/03,"77,487","770,783",9.90,9.99,9.90,9.99,+0.04,26
9958　世紀鋼,104/12/04,"53,360","530,261",9.98,9.98,9.90,9.92,-0.07,22
9958　世紀鋼,104/12/07,"36,150","360,112",9.90,10.00,9.90,9.97,+0.05,22
9958　世紀鋼,104/12/08,"68,422","681,997",9.97,10.00,9.90,9.98,+0.01,30
9958　世紀鋼,104/12/09,"71,000","704,850",9.90,9.99,9.86,9.90,-0.08,20
9958　世紀鋼,104/12/10,"71,530","709,926",9.90,9.98,9.90,9.98,+0.08,27
9958　世紀鋼,104/12/11,"299,040","3,004,236",10.15,10.15,9.99,10.00,+0.02,115
9958　世紀鋼,104/12/14,"124,323","1,223,804",9.73,10.00,9.73,9.82,-0.18,45
9958　世紀鋼,104/12/15,"33,526","332,283",9.94,9.98,9.83,9.90,+0.08,16
9958　世紀鋼,104/12/16,"45,286","451,432",10.00,10.00,9.90,9.90, 0.00,17
9958　世紀鋼,104/12/17,"73,300","729,434",9.98,10.00,9.87,10.00,+0.10,31
9958　世紀鋼,104/12/18,"29,123","288,475",9.92,9.92,9.88,9.88,-0.12,19
9958　世紀鋼,104/12/21,"22,200","220,420",9.88,9.97,9.88,9.97,+0.09,11
9958　世紀鋼,104/12/22,"40,160","399,104",9.98,9.98,9.89,9.96,-0.01,25
9958　世紀鋼,104/12/23,"91,300","910,385",9.96,10.00,9.93,9.99,+0.03,47
9958　世紀鋼,104/12/24,"590,464","6,041,411",10.00,10.60,9.97,10.40,+0.41,235
9958　世紀鋼,104/12/25,"268,054","2,802,360",10.70,10.70,10.25,10.30,-0.10,124
9958　世紀鋼,104/12/28,"111,549","1,132,919",10.30,10.30,10.00,10.10,-0.20,48
9958　世紀鋼,104/12/29,"110,499","1,112,340",10.05,10.20,10.00,10.10, 0.00,47
9958　世紀鋼,104/12/30,"68,187","686,576",10.10,10.15,10.00,10.00,-0.10,39
9958　世紀鋼,104/12/31,"128,904","1,286,150",10.00,10.10,9.92,10.00, 0.00,57
9958　世紀鋼,105/01/04,"56,147","556,231",9.98,9.98,9.88,9.95,-0.05,32
9958　世紀鋼,105/01/05,"101,434","1,005,306",9.98,9.98,9.83,9.95, 0.00,45
9958　世紀鋼,105/01/06,"71,995","709,309",9.88,9.94,9.81,9.84,-0.11,33
9958　世紀鋼,105/01/07,"112,830","1,107,958",9.97,9.97,9.71,9.78,-0.06,55
9958　世紀鋼,105/01/08,"101,907","995,502",9.75,9.86,9.70,9.86,+0.08,37
9958　世紀鋼,105/01/11,"60,208","587,768",9.67,9.86,9.65,9.85,-0.01,36
9958　世紀鋼,105/01/12,"50,565","497,265",9.72,9.88,9.72,9.85, 0.00,34
9958　世紀鋼,105/01/13,"109,512","1,071,115",9.87,9.88,9.73,9.74,-0.11,43
9958　世紀鋼,105/01/14,"162,300","1,563,808",9.80,9.80,9.53,9.72,-0.02,70
9958　世紀鋼,105/01/15,"91,009","876,614",9.60,9.86,9.52,9.52,-0.20,54
9958　世紀鋼,105/01/18,"68,040","644,379",9.40,9.60,9.40,9.53,+0.01,34
9958　世紀鋼,105/01/19,"113,835","1,075,472",9.53,9.60,9.36,9.50,-0.03,47
9958　世紀鋼,105/01/20,"117,244","1,112,478",9.58,9.74,9.33,9.44,-0.06,51
9958　世紀鋼,105/01/21,"109,670","1,023,770",9.44,9.44,9.28,9.38,-0.06,39
9958　世紀鋼,105/01/22,"38,773","366,977",9.54,9.54,9.33,9.40,+0.02,30
9958　世紀鋼,105/01/25,"6,000","57,570",9.60,9.60,9.57,9.57,+0.17,6
9958　世紀鋼,105/01/26,"53,980","513,487",9.55,9.60,9.40,9.57, 0.00,32
9958　世紀鋼,105/01/27,"24,000","229,690",9.57,9.60,9.51,9.51,-0.06,13
9958　世紀鋼,105/01/28,"52,000","495,880",9.60,9.60,9.50,9.58,+0.07,21
9958　世紀鋼,105/01/29,"55,100","526,987",9.58,9.72,9.50,9.59,+0.01,34
9958　世紀鋼,105/01/30,"40,420","388,291",9.73,9.76,9.55,9.60,+0.01,32
9958　世紀鋼,105/02/01,"62,020","594,851",9.60,9.65,9.55,9.58,-0.02,35
9958　世紀鋼,105/02/02,"97,348","934,043",9.58,9.60,9.58,9.58, 0.00,40
9958　世紀鋼,105/02/03,"40,040","381,440",9.60,9.60,9.50,9.51,-0.07,20
9958　世紀鋼,105/02/15,"123,144","1,194,332",9.55,9.76,9.55,9.68,+0.17,64
9958　世紀鋼,105/02/16,"190,150","1,868,615",9.75,9.89,9.75,9.84,+0.16,85
9958　世紀鋼,105/02/17,"233,960","2,325,688",9.90,10.05,9.74,10.05,+0.21,91
9958　世紀鋼,105/02/18,"214,485","2,152,480",10.20,10.20,9.96,10.00,-0.05,73
9958　世紀鋼,105/02/19,"65,422","651,797",10.05,10.05,9.91,9.98,-0.02,37
9958　世紀鋼,105/02/22,"145,545","1,452,007",10.00,10.00,9.94,10.00,+0.02,65
9958　世紀鋼,105/02/23,"1,966,253","20,859,428",10.00,10.90,10.00,10.70,+0.70,760
9958　世紀鋼,105/02/24,"670,480","7,172,436",10.65,10.90,10.60,10.65,-0.05,239
9958　世紀鋼,105/02/25,"276,235","2,921,266",10.65,10.65,10.50,10.50,-0.15,128
9958　世紀鋼,105/02/26,"258,318","2,747,737",10.55,10.85,10.55,10.55,+0.05,110
9958　世紀鋼,105/03/01,"122,959","1,292,014",10.60,10.65,10.45,10.45,-0.10,60
9958　世紀鋼,105/03/02,"255,896","2,691,767",10.45,10.70,10.40,10.45, 0.00,95
9958　世紀鋼,105/03/03,"450,009","4,768,042",10.65,10.75,10.40,10.60,+0.15,176
9958　世紀鋼,105/03/04,"120,704","1,279,612",10.55,10.65,10.55,10.60, 0.00,66
9958　世紀鋼,105/03/07,"332,132","3,553,446",10.65,10.75,10.55,10.65,+0.05,134
9958　世紀鋼,105/03/08,"392,960","4,220,017",10.75,10.85,10.70,10.75,+0.10,131
9958　世紀鋼,105/03/09,"323,634","3,453,007",10.75,10.80,10.60,10.60,-0.15,116
9958　世紀鋼,105/03/10,"107,120","1,142,121",10.60,10.75,10.60,10.70,+0.10,53
9958　世紀鋼,105/03/11,"273,300","2,884,599",10.70,10.70,10.50,10.50,-0.20,100
9958　世紀鋼,105/03/14,"93,307","981,990",10.65,10.65,10.50,10.50, 0.00,42
9958　世紀鋼,105/03/15,"125,861","1,324,754",10.50,10.70,10.45,10.45,-0.05,50
9958　世紀鋼,105/03/16,"1,203,517","12,994,876",10.65,10.95,10.45,10.80,+0.35,429
9958　世紀鋼,105/03/17,"265,257","2,865,272",10.90,10.95,10.70,10.75,-0.05,139
9958　世紀鋼,105/03/18,"83,783","897,149",10.70,10.80,10.65,10.70,-0.05,54
9958　世紀鋼,105/03/21,"111,143","1,180,415",10.65,10.70,10.55,10.70, 0.00,51
9958　世紀鋼,105/03/22,"86,430","922,313",10.75,10.80,10.60,10.70, 0.00,49
9958　世紀鋼,105/03/23,"122,491","1,303,377",10.60,10.75,10.60,10.65,-0.05,61
9958　世紀鋼,105/03/24,"67,021","712,372",10.65,10.65,10.60,10.65, 0.00,36
9958　世紀鋼,105/03/25,"74,820","795,710",10.65,10.65,10.60,10.60,-0.05,24
9958　世紀鋼,105/03/28,"119,082","1,251,647",10.60,10.60,10.45,10.45,-0.15,51
9958　世紀鋼,105/03/29,"202,232","2,123,412",10.45,10.65,10.40,10.50,+0.05,59
9958　世紀鋼,105/03/30,"108,147","1,133,528",10.50,10.55,10.45,10.45,-0.05,37
9958　世紀鋼,105/03/31,"65,517","691,178",10.55,10.65,10.45,10.50,+0.05,36
9958　世紀鋼,105/04/01,"62,600","655,999",10.50,10.55,10.45,10.45,-0.05,28
9958　世紀鋼,105/04/06,"201,590","2,116,733",10.45,10.55,10.40,10.45, 0.00,66
9958　世紀鋼,105/04/07,"126,926","1,338,872",10.45,10.60,10.45,10.55,+0.10,46
9958　世紀鋼,105/04/08,"35,030","368,662",10.50,10.60,10.50,10.50,-0.05,15
9958　世紀鋼,105/04/11,"51,561","540,831",10.50,10.50,10.45,10.50, 0.00,30
9958　世紀鋼,105/04/12,"396,800","4,229,600",10.50,10.80,10.50,10.55,+0.05,160
9958　世紀鋼,105/04/13,"2,952,893","33,302,518",10.65,11.60,10.65,11.60,+1.05,"1,019"
9958　世紀鋼,105/04/14,"4,787,174","57,025,043",11.60,12.40,11.50,11.85,+0.25,"1,411"
9958　世紀鋼,105/04/15,"886,682","10,341,089",11.65,12.00,11.45,11.50,-0.35,402
9958　世紀鋼,105/04/18,"1,019,734","12,049,624",11.60,12.05,11.55,11.65,+0.15,358
9958　世紀鋼,105/04/19,"496,291","5,695,465",11.75,11.75,11.30,11.45,-0.20,206
9958　世紀鋼,105/04/20,"1,382,029","15,132,056",11.35,11.45,10.70,10.70,-0.75,464
9958　世紀鋼,105/04/21,"1,099,736","11,865,961",10.95,11.10,10.65,10.70, 0.00,347
9958　世紀鋼,105/04/22,"395,872","4,185,255",10.75,10.75,10.45,10.50,-0.20,174
9958　世紀鋼,105/04/25,"127,100","1,337,145",10.50,10.60,10.45,10.50, 0.00,75
9958　世紀鋼,105/04/26,"190,100","1,999,095",10.60,10.60,10.45,10.50, 0.00,73
9958　世紀鋼,105/04/27,"130,000","1,361,900",10.55,10.55,10.40,10.50, 0.00,65
9958　世紀鋼,105/04/28,"149,000","1,558,450",10.50,10.50,10.40,10.45,-0.05,65
9958　世紀鋼,105/04/29,"162,060","1,678,818",10.40,10.40,10.30,10.30,-0.15,71
9958　世紀鋼,105/05/03,"190,167","1,960,736",10.50,10.50,10.30,10.30, 0.00,63
9958　世紀鋼,105/05/04,"204,000","2,075,650",10.30,10.35,10.10,10.10,-0.20,87
9958　世紀鋼,105/05/05,"378,236","3,783,220",10.00,10.10,9.91,10.10, 0.00,113
9958　世紀鋼,105/05/06,"58,530","590,400",10.10,10.20,10.00,10.10, 0.00,36
9958　世紀鋼,105/05/09,"240,756","2,424,435",10.00,10.15,9.95,10.15,+0.05,111
9958　世紀鋼,105/05/10,"76,694","774,243",10.05,10.15,10.05,10.15, 0.00,30
9958　世紀鋼,105/05/11,"83,440","834,195",10.20,10.20,9.90,9.90,-0.25,35
9958　世紀鋼,105/05/12,"97,569","976,870",9.90,10.05,9.90,9.95,+0.05,48
9958　世紀鋼,105/05/13,"89,001","878,979",9.98,10.00,9.80,9.87,-0.08,39
9958　世紀鋼,105/05/16,"189,895","1,846,802",9.87,9.90,9.54,9.67,-0.20,64
9958　世紀鋼,105/05/17,"71,180","696,717",9.80,9.88,9.72,9.82,+0.15,30
9958　世紀鋼,105/05/18,"23,628","230,948",9.80,9.80,9.70,9.70,-0.12,15
9958　世紀鋼,105/05/19,"48,695","474,805",9.71,9.81,9.68,9.75,+0.05,24
9958　世紀鋼,105/05/20,"56,000","550,110",9.80,9.86,9.71,9.85,+0.10,23
9958　世紀鋼,105/05/23,"164,300","1,641,739",9.86,10.20,9.82,10.00,+0.15,79
9958　世紀鋼,105/05/24,"149,293","1,479,310",9.98,10.00,9.85,9.85,-0.15,60
9958　世紀鋼,105/05/25,"68,497","683,400",9.99,10.00,9.89,9.94,+0.09,30
9958　世紀鋼,105/05/26,"69,491","694,890",10.00,10.05,9.95,10.05,+0.11,33
9958　世紀鋼,105/05/27,"127,988","1,282,599",10.10,10.10,9.98,10.00,-0.05,42
9958　世紀鋼,105/05/30,"46,646","467,090",9.96,10.05,9.96,10.05,+0.05,26
9958　世紀鋼,105/05/31,"95,120","949,958",10.05,10.05,9.93,10.00,-0.05,41
9958　世紀鋼,105/06/01,"131,777","1,315,775",10.00,10.00,9.93,10.00, 0.00,37
9958　世紀鋼,105/06/02,"94,303","937,778",10.00,10.00,9.90,9.98,-0.02,24
9958　世紀鋼,105/06/03,"91,006","907,069",9.94,9.99,9.91,9.95,-0.03,16
9958　世紀鋼,105/06/04,"16,301","162,654",10.00,10.00,9.95,9.98,+0.03,11
9958　世紀鋼,105/06/06,"75,435","747,449",9.97,9.98,9.86,9.96,-0.02,37
9958　世紀鋼,105/06/07,"27,351","272,605",10.00,10.00,9.92,9.99,+0.03,15
9958　世紀鋼,105/06/08,"103,120","1,019,808",9.95,9.95,9.84,9.93,-0.06,50
9958　世紀鋼,105/06/13,"166,000","1,631,000",9.90,9.98,9.70,9.83,-0.10,66
9958　世紀鋼,105/06/14,"22,000","214,580",9.71,9.82,9.71,9.76,-0.07,11
9958　世紀鋼,105/06/15,"64,000","630,550",9.93,9.93,9.75,9.88,+0.12,28
9958　世紀鋼,105/06/16,"30,000","295,720",9.86,9.90,9.78,9.87,-0.01,14
9958　世紀鋼,105/06/17,"49,167","485,157",9.88,9.89,9.80,9.86,-0.01,16
9958　世紀鋼,105/06/20,"36,160","356,416",9.89,9.89,9.83,9.89,+0.03,18
9958　世紀鋼,105/06/21,"44,358","438,753",9.80,9.92,9.80,9.91,+0.02,24
9958　世紀鋼,105/06/22,"71,000","705,450",9.94,9.97,9.92,9.95,+0.04,24
9958　世紀鋼,105/06/23,"56,542","560,634",9.90,9.97,9.88,9.95, 0.00,19
9958　世紀鋼,105/06/24,"53,126","523,473",9.85,9.98,9.54,9.95, 0.00,23
9958　世紀鋼,105/06/27,"40,000","396,840",9.85,9.95,9.83,9.95, 0.00,22
9958　世紀鋼,105/06/28,"45,251","447,414",9.95,9.96,9.76,9.94,-0.01,24
9958　世紀鋼,105/06/29,"29,377","290,549",9.96,9.96,9.80,9.92,-0.02,17
9958　世紀鋼,105/06/30,"27,220","270,358",9.92,9.95,9.84,9.92, 0.00,14
9958　世紀鋼,105/07/01,"28,544","282,523",9.95,9.95,9.85,9.93,+0.01,23
9958　世紀鋼,105/07/04,"91,311","906,468",9.90,9.96,9.90,9.93, 0.00,52
9958　世紀鋼,105/07/05,"45,060","447,874",9.96,9.98,9.88,9.95,+0.02,18
9958　世紀鋼,105/07/06,"93,100","929,522",10.00,10.10,9.90,9.92,-0.03,48
9958　世紀鋼,105/07/07,"161,129","1,597,589",9.98,9.98,9.90,9.92, 0.00,45
9958　世紀鋼,105/07/11,"54,778","542,947",9.96,9.97,9.89,9.91,-0.01,24
9958　世紀鋼,105/07/12,"83,147","826,493",9.93,10.00,9.88,9.97,+0.06,44
9958　世紀鋼,105/07/13,"103,840","1,037,483",9.97,10.00,9.93,10.00,+0.03,36
9958　世紀鋼,105/07/14,"372,840","3,807,310",10.05,10.35,10.05,10.25,+0.25,190
9958　世紀鋼,105/07/15,"219,667","2,219,620",10.30,10.30,10.05,10.05,-0.20,76
9958　世紀鋼,105/07/18,"43,283","436,344",10.15,10.15,10.05,10.10,+0.05,30
9958　世紀鋼,105/07/19,"128,872","1,294,112",10.15,10.15,10.00,10.05,-0.05,44
9958　世紀鋼,105/07/20,"86,518","868,080",10.05,10.10,10.00,10.05, 0.00,37
9958　世紀鋼,105/07/21,"86,282","872,546",10.10,10.15,10.10,10.15,+0.10,40
9958　世紀鋼,105/07/22,"92,500","936,749",10.15,10.25,10.05,10.10,-0.05,49
9958　世紀鋼,105/07/25,"128,429","1,292,690",10.20,10.20,10.00,10.10, 0.00,63
9958　世紀鋼,105/07/26,"204,991","2,051,255",10.05,10.10,9.99,10.00,-0.10,75
9958　世紀鋼,105/07/27,"224,052","2,241,740",10.00,10.10,9.97,10.00, 0.00,87
9958　世紀鋼,105/07/28,"193,375","1,868,299",9.60,9.72,9.60,9.62,X0.00,75
9958　世紀鋼,105/07/29,"44,631","430,596",9.61,9.74,9.60,9.62, 0.00,30
9958　世紀鋼,105/08/01,"17,101","164,524",9.62,9.72,9.59,9.65,+0.03,15
9958　世紀鋼,105/08/02,"93,860","902,821",9.60,9.68,9.60,9.61,-0.04,30
9958　世紀鋼,105/08/03,"131,116","1,266,853",9.73,9.73,9.62,9.68,+0.07,56
9958　世紀鋼,105/08/04,"32,730","315,038",9.65,9.68,9.62,9.68, 0.00,18
9958　世紀鋼,105/08/05,"97,612","934,465",9.62,9.67,9.50,9.62,-0.06,85
9958　世紀鋼,105/08/08,"83,082","799,196",9.60,9.68,9.53,9.64,+0.02,27
9958　世紀鋼,105/08/09,"71,343","685,651",9.57,9.66,9.57,9.62,-0.02,22
9958　世紀鋼,105/08/10,"46,464","445,876",9.62,9.63,9.55,9.58,-0.04,22
9958　世紀鋼,105/08/11,"209,041","1,991,188",9.52,9.58,9.50,9.51,-0.07,63
9958　世紀鋼,105/08/12,"111,083","1,061,741",9.45,9.64,9.45,9.54,+0.03,28
9958　世紀鋼,105/08/15,"52,194","495,962",9.60,9.60,9.47,9.53,-0.01,27
9958　世紀鋼,105/08/16,"60,074","574,122",9.60,9.65,9.48,9.53, 0.00,34
9958　世紀鋼,105/08/17,"91,390","874,873",9.55,9.61,9.52,9.59,+0.06,60
9958　世紀鋼,105/08/18,"368,100","3,565,540",9.56,9.75,9.55,9.67,+0.08,174
9958　世紀鋼,105/08/19,"445,417","4,366,733",9.70,9.88,9.70,9.75,+0.08,162
9958　世紀鋼,105/08/22,"431,154","4,269,023",9.85,9.94,9.84,9.89,+0.14,182
9958　世紀鋼,105/08/23,"245,671","2,453,072",9.99,10.05,9.93,9.97,+0.08,104
9958　世紀鋼,105/08/24,"237,123","2,369,157",9.97,10.00,9.97,9.98,+0.01,69
9958　世紀鋼,105/08/25,"97,136","970,835",10.00,10.05,9.98,9.98, 0.00,46
9958　世紀鋼,105/08/26,"75,000","751,880",10.00,10.10,9.98,9.98, 0.00,37
9958　世紀鋼,105/08/29,"58,638","583,104",9.98,9.98,9.89,9.91,-0.07,34
9958　世紀鋼,105/08/30,"66,060","658,182",9.91,10.00,9.91,9.99,+0.08,34
9958　世紀鋼,105/08/31,"83,325","831,223",9.99,10.00,9.92,9.92,-0.07,56
9958　世紀鋼,105/09/01,"77,577","769,372",9.92,10.00,9.90,9.90,-0.02,35
9958　世紀鋼,105/09/02,"114,466","1,131,698",9.99,9.99,9.82,9.86,-0.04,52
9958　世紀鋼,105/09/05,"59,013","584,416",9.86,10.00,9.86,9.89,+0.03,25
9958　世紀鋼,105/09/06,"62,540","619,509",9.95,9.95,9.85,9.87,-0.02,31
9958　世紀鋼,105/09/07,"45,659","451,494",9.93,9.94,9.86,9.94,+0.07,30
9958　世紀鋼,105/09/08,"75,086","748,810",9.95,10.00,9.90,9.95,+0.01,27
9958　世紀鋼,105/09/09,"30,635","303,362",9.91,9.91,9.90,9.91,-0.04,17
9958　世紀鋼,105/09/10,"78,960","784,501",9.90,10.05,9.86,9.92,+0.01,45
9958　世紀鋼,105/09/12,"47,126","467,394",9.97,9.98,9.90,9.90,-0.02,21
9958　世紀鋼,105/09/13,"23,561","234,263",9.99,9.99,9.90,9.90, 0.00,11
9958　世紀鋼,105/09/14,"53,081","526,940",9.94,9.96,9.85,9.95,+0.05,34
9958　世紀鋼,105/09/19,"65,361","651,732",9.98,10.00,9.90,9.98,+0.03,40
9958　世紀鋼,105/09/20,"55,297","551,540",9.98,10.00,9.95,9.95,-0.03,25
9958　世紀鋼,105/09/21,"122,611","1,219,776",9.96,9.99,9.91,9.99,+0.04,52
9958　世紀鋼,105/09/22,"82,466","823,866",9.99,10.00,9.98,9.98,-0.01,37
9958　世紀鋼,105/09/23,"125,642","1,257,750",10.10,10.10,9.94,10.00,+0.02,47
9958　世紀鋼,105/09/26,"33,442","333,365",10.00,10.00,9.94,9.94,-0.06,13
9958　世紀鋼,105/09/29,"100,000","998,660",10.00,10.00,9.95,9.95,+0.01,24
9958　世紀鋼,105/09/30,"39,852","396,344",10.00,10.00,9.90,9.96,+0.01,25
9958　世紀鋼,105/10/03,"27,200","270,900",9.96,9.96,9.96,9.96, 0.00,16
9958　世紀鋼,105/10/04,"28,187","280,211",9.96,9.98,9.90,9.96, 0.00,12
9958　世紀鋼,105/10/05,"39,020","386,839",9.96,9.98,9.90,9.91,-0.05,15
9958　世紀鋼,105/10/06,"29,236","290,156",9.95,9.95,9.90,9.95,+0.04,24
9958　世紀鋼,105/10/07,"75,867","753,073",9.91,9.99,9.86,9.95, 0.00,32
9958　世紀鋼,105/10/11,"90,796","898,147",9.99,9.99,9.82,9.89,-0.06,43
9958　世紀鋼,105/10/12,"60,020","590,778",9.74,9.95,9.74,9.88,-0.01,30
9958　世紀鋼,105/10/13,"26,739","263,191",9.90,9.93,9.80,9.80,-0.08,11
9958　世紀鋼,105/10/14,"47,100","462,240",9.80,9.89,9.77,9.85,+0.05,25
9958　世紀鋼,105/10/17,"16,469","162,187",9.80,9.89,9.77,9.79,-0.06,10
9958　世紀鋼,105/10/18,"29,931","295,243",9.80,9.90,9.80,9.89,+0.10,19
9958　世紀鋼,105/10/19,"86,960","857,656",9.89,9.95,9.78,9.89, 0.00,41
9958　世紀鋼,105/10/20,"228,300","2,286,380",9.97,10.15,9.97,10.00,+0.11,83
9958　世紀鋼,105/10/21,"108,965","1,090,150",10.00,10.05,9.90,10.05,+0.05,40
9958　世紀鋼,105/10/24,"72,800","725,903",10.05,10.05,9.93,9.99,-0.06,39
9958　世紀鋼,105/10/25,"50,344","502,310",9.93,10.00,9.93,10.00,+0.01,27
9958　世紀鋼,105/10/26,"767,602","7,933,945",10.00,10.65,10.00,10.35,+0.35,317
9958　世紀鋼,105/10/27,"151,374","1,562,626",10.40,10.50,10.20,10.20,-0.15,71
9958　世紀鋼,105/10/28,"83,167","844,735",10.25,10.35,10.10,10.20, 0.00,41
9958　世紀鋼,105/10/31,"25,883","262,917",10.15,10.20,10.15,10.20, 0.00,17
9958　世紀鋼,105/11/01,"79,240","802,662",10.20,10.25,10.05,10.05,-0.15,26
9958　世紀鋼,105/11/02,"155,271","1,554,936",10.05,10.10,9.96,9.96,-0.09,51
9958　世紀鋼,105/11/03,"66,744","665,539",10.00,10.05,9.94,9.96, 0.00,33
9958　世紀鋼,105/11/04,"139,040","1,381,808",9.92,10.00,9.90,9.99,+0.03,39
9958　世紀鋼,105/11/07,"1,089,646","10,698,745",9.99,10.15,9.70,9.76,-0.23,314
9958　世紀鋼,105/11/08,"331,000","3,240,860",9.85,9.95,9.71,9.78,+0.02,113
9958　世紀鋼,105/11/09,"328,100","3,160,980",9.86,9.86,9.51,9.51,-0.27,132
9958　世紀鋼,105/11/10,"239,740","2,367,056",9.63,9.93,9.63,9.90,+0.39,104
9958　世紀鋼,105/11/11,"228,311","2,255,459",9.95,9.98,9.78,9.78,-0.12,69
9958　世紀鋼,105/11/14,"141,377","1,394,195",9.90,9.95,9.79,9.80,+0.02,57
9958　世紀鋼,105/11/15,"178,365","1,763,600",9.80,9.98,9.80,9.84,+0.04,87
9958　世紀鋼,105/11/16,"184,448","1,799,649",9.84,9.84,9.70,9.81,-0.03,75
9958　世紀鋼,105/11/17,"104,532","1,032,239",9.83,9.93,9.80,9.88,+0.07,40
9958　世紀鋼,105/11/18,"71,752","705,979",9.95,9.95,9.78,9.80,-0.08,38
9958　世紀鋼,105/11/21,"105,980","1,029,965",9.70,9.75,9.70,9.72,-0.08,48
9958　世紀鋼,105/11/22,"86,377","841,634",9.72,9.77,9.68,9.75,+0.03,23
9958　世紀鋼,105/11/23,"133,407","1,300,270",9.75,9.78,9.70,9.74,-0.01,66
9958　世紀鋼,105/11/24,"35,713","348,340",9.74,9.82,9.70,9.78,+0.04,25
9958　世紀鋼,105/11/25,"92,300","901,141",9.85,9.85,9.72,9.78, 0.00,46
9958　世紀鋼,105/11/28,"81,114","790,875",9.73,9.80,9.71,9.77,-0.01,37
9958　世紀鋼,105/11/29,"118,641","1,156,237",9.72,9.80,9.70,9.70,-0.07,31
9958　世紀鋼,105/11/30,"58,000","566,980",9.80,9.80,9.71,9.72,+0.02,22
9958　世紀鋼,105/12/01,"31,227","304,803",9.80,9.80,9.72,9.79,+0.07,15
9958　世紀鋼,105/12/02,"59,749","580,931",9.79,9.79,9.69,9.75,-0.04,31
9958　世紀鋼,105/12/05,"72,076","698,846",9.75,9.75,9.62,9.73,-0.02,33
9958　世紀鋼,105/12/06,"50,060","488,062",9.79,9.79,9.70,9.75,+0.02,15
9958　世紀鋼,105/12/07,"24,385","237,753",9.78,9.78,9.73,9.73,-0.02,12
9958　世紀鋼,105/12/08,"74,729","726,556",9.70,9.73,9.70,9.70,-0.03,30
9958　世紀鋼,105/12/09,"69,166","668,666",9.64,9.77,9.64,9.74,+0.04,33
9958　世紀鋼,105/12/12,"75,849","737,223",9.74,9.75,9.70,9.70,-0.04,22
9958　世紀鋼,105/12/13,"83,200","807,000",9.79,9.79,9.67,9.70, 0.00,25
9958　世紀鋼,105/12/14,"201,610","1,938,563",9.70,9.70,9.57,9.60,-0.10,72
9958　世紀鋼,105/12/15,"114,066","1,093,573",9.60,9.60,9.53,9.58,-0.02,35
9958　世紀鋼,105/12/16,"114,600","1,103,986",9.56,9.78,9.56,9.70,+0.12,43
9958　世紀鋼,105/12/19,"36,691","356,083",9.70,9.76,9.61,9.72,+0.02,27
9958　世紀鋼,105/12/20,"26,030","252,609",9.70,9.77,9.63,9.63,-0.09,12
9958　世紀鋼,105/12/21,"29,100","280,250",9.64,9.64,9.62,9.62,-0.01,20
9958　世紀鋼,105/12/22,"28,020","268,671",9.62,9.62,9.57,9.57,-0.05,15
9958　世紀鋼,105/12/23,"32,020","307,270",9.68,9.70,9.51,9.53,-0.04,23
9958　世紀鋼,105/12/26,"16,000","152,540",9.51,9.60,9.50,9.55,+0.02,12
9958　世紀鋼,105/12/27,"30,897","294,691",9.55,9.58,9.50,9.57,+0.02,19
9958　世紀鋼,105/12/28,"17,000","163,450",9.60,9.65,9.60,9.60,+0.03,7
9958　世紀鋼,105/12/29,"33,297","318,801",9.60,9.63,9.51,9.58,-0.02,29
9958　世紀鋼,105/12/30,"38,120","368,132",9.68,9.75,9.60,9.64,+0.06,20
9958　世紀鋼,106/01/03,"50,400","487,230",9.75,9.75,9.64,9.65,+0.01,18
9958　世紀鋼,106/01/04,"35,255","339,157",9.65,9.65,9.60,9.64,-0.01,12
9958　世紀鋼,106/01/05,"29,420","284,558",9.73,9.73,9.60,9.69,+0.05,17
9958　世紀鋼,106/01/06,"22,740","218,533",9.69,9.69,9.57,9.63,-0.06,17
9958　世紀鋼,106/01/09,"10,000","96,090",9.63,9.63,9.60,9.60,-0.03,9
9958　世紀鋼,106/01/10,"54,260","517,901",9.69,9.69,9.51,9.55,-0.05,32
9958　世紀鋼,106/01/11,"50,583","484,667",9.60,9.66,9.51,9.59,+0.04,21
9958　世紀鋼,106/01/12,"63,000","602,420",9.60,9.60,9.50,9.58,-0.01,20
9958　世紀鋼,106/01/13,"30,020","286,200",9.58,9.60,9.50,9.59,+0.01,12
9958　世紀鋼,106/01/16,"7,247","69,309",9.59,9.59,9.53,9.58,-0.01,8
9958　世紀鋼,106/01/17,"112,789","1,077,793",9.50,9.60,9.48,9.50,-0.08,25
9958　世紀鋼,106/01/18,"34,152","326,182",9.50,9.58,9.50,9.58,+0.08,23
9958　世紀鋼,106/01/19,"54,660","524,854",9.62,9.62,9.60,9.60,+0.02,24
9958　世紀鋼,106/01/20,"75,379","726,096",9.62,9.72,9.60,9.64,+0.04,32
9958　世紀鋼,106/01/23,"60,041","580,224",9.64,9.73,9.60,9.69,+0.05,22
9958　世紀鋼,106/01/24,"98,392","950,472",9.69,9.70,9.60,9.69, 0.00,32
9958　世紀鋼,106/02/02,"62,066","597,303",9.78,9.78,9.53,9.65,-0.04,22
9958　世紀鋼,106/02/03,"78,519","763,954",9.70,9.76,9.70,9.74,+0.09,30
9958　世紀鋼,106/02/06,"56,929","557,132",9.80,9.84,9.65,9.82,+0.08,34
9958　世紀鋼,106/02/07,"42,066","413,366",9.86,9.86,9.81,9.82, 0.00,26
9958　世紀鋼,106/02/08,"127,695","1,254,279",9.86,9.94,9.78,9.83,+0.01,45
9958　世紀鋼,106/02/09,"27,611","272,133",9.88,9.88,9.82,9.84,+0.01,27
9958　世紀鋼,106/02/10,"68,530","679,043",9.95,9.95,9.82,9.87,+0.03,40
9958　世紀鋼,106/02/13,"99,310","976,433",9.87,9.88,9.76,9.86,-0.01,49
9958　世紀鋼,106/02/14,"264,060","2,616,991",9.86,9.96,9.86,9.90,+0.04,76
9958　世紀鋼,106/02/15,"263,220","2,609,835",9.90,9.97,9.89,9.95,+0.05,89
9958　世紀鋼,106/02/16,"143,830","1,430,675",9.95,9.97,9.92,9.95, 0.00,53
9958　世紀鋼,106/02/17,"111,191","1,099,400",9.96,9.96,9.85,9.86,-0.09,48
9958　世紀鋼,106/02/18,"35,040","346,765",9.95,9.95,9.86,9.91,+0.05,26
9958　世紀鋼,106/02/20,"120,457","1,194,851",9.94,9.99,9.86,9.94,+0.03,59
9958　世紀鋼,106/02/21,"82,946","823,396",9.98,9.98,9.88,9.90,-0.04,46
9958　世紀鋼,106/02/22,"265,381","2,642,580",9.90,10.00,9.90,9.95,+0.05,117
9958　世紀鋼,106/02/23,"132,672","1,314,231",9.97,9.97,9.89,9.89,-0.06,44
9958　世紀鋼,106/02/24,"60,327","595,852",9.89,9.91,9.85,9.89, 0.00,35
9958　世紀鋼,106/03/01,"203,120","2,021,338",9.93,9.99,9.91,9.91,+0.02,54
9958　世紀鋼,106/03/02,"76,588","761,308",9.99,9.99,9.89,9.95,+0.04,34
9958　世紀鋼,106/03/03,"36,300","360,054",9.97,9.97,9.87,9.88,-0.07,20
9958　世紀鋼,106/03/06,"111,151","1,089,952",9.88,9.88,9.76,9.80,-0.08,59
9958　世紀鋼,106/03/07,"59,283","581,043",9.75,9.83,9.75,9.83,+0.03,30
9958　世紀鋼,106/03/08,"48,900","482,904",9.88,9.94,9.82,9.84,+0.01,32
9958　世紀鋼,106/03/09,"53,053","523,789",9.84,9.92,9.81,9.85,+0.01,23
9958　世紀鋼,106/03/10,"54,040","531,802",9.95,9.95,9.65,9.85, 0.00,23
9958　世紀鋼,106/03/13,"101,905","1,004,517",9.68,9.90,9.68,9.85, 0.00,36
9958　世紀鋼,106/03/14,"74,083","726,827",9.88,9.88,9.79,9.80,-0.05,31
9958　世紀鋼,106/03/15,"94,640","924,088",9.80,9.88,9.68,9.76,-0.04,39
9958　世紀鋼,106/03/16,"62,248","609,267",9.85,9.85,9.75,9.80,+0.04,38
9958　世紀鋼,106/03/17,"108,131","1,055,928",9.83,9.83,9.71,9.75,-0.05,40
9958　世紀鋼,106/03/20,"18,102","176,948",9.78,9.82,9.74,9.82,+0.07,16
9958　世紀鋼,106/03/21,"148,772","1,456,768",9.82,9.85,9.71,9.78,-0.04,60
9958　世紀鋼,106/03/22,"40,722","397,062",9.70,9.85,9.65,9.78, 0.00,25
9958　世紀鋼,106/03/23,"19,918","195,367",9.84,9.85,9.78,9.78, 0.00,14
9958　世紀鋼,106/03/24,"78,702","769,504",9.83,9.84,9.75,9.79,+0.01,41
9958　世紀鋼,106/03/27,"85,353","827,782",9.76,9.76,9.66,9.67,-0.12,37
9958　世紀鋼,106/03/28,"99,147","961,542",9.75,9.78,9.65,9.68,+0.01,53
9958　世紀鋼,106/03/29,"16,400","159,320",9.70,9.77,9.68,9.70,+0.02,10
9958　世紀鋼,106/03/30,"52,603","509,557",9.70,9.77,9.65,9.74,+0.04,27
9958　世紀鋼,106/03/31,"14,040","136,535",9.74,9.77,9.68,9.69,-0.05,12
9958　世紀鋼,106/04/05,"53,083","516,199",9.68,9.79,9.68,9.75,+0.06,31
9958　世紀鋼,106/04/06,"95,274","916,984",9.78,9.78,9.57,9.65,-0.10,38
9958　世紀鋼,106/04/07,"35,200","339,170",9.70,9.70,9.52,9.65, 0.00,19
9958　世紀鋼,106/04/10,"44,332","427,606",9.65,9.76,9.60,9.68,+0.03,23
9958　世紀鋼,106/04/11,"54,061","522,917",9.61,9.74,9.60,9.62,-0.06,16
9958　世紀鋼,106/04/12,"92,733","884,857",9.55,9.63,9.50,9.63,+0.01,34
9958　世紀鋼,106/04/13,"107,214","1,019,911",9.56,9.62,9.45,9.50,-0.13,46
9958　世紀鋼,106/04/14,"91,203","862,781",9.50,9.50,9.40,9.49,-0.01,37
9958　世紀鋼,106/04/17,"43,496","411,522",9.46,9.50,9.44,9.50,+0.01,20
9958　世紀鋼,106/04/18,"25,606","243,846",9.50,9.58,9.50,9.50, 0.00,12
9958　世紀鋼,106/04/19,"69,222","653,934",9.57,9.57,9.03,9.48,-0.02,37
9958　世紀鋼,106/04/20,"31,080","297,552",9.50,9.70,9.48,9.56,+0.08,20
9958　世紀鋼,106/04/21,"28,060","268,430",9.50,9.67,9.42,9.62,+0.06,16
9958　世紀鋼,106/04/24,"46,053","437,978",9.67,9.67,9.42,9.55,-0.07,26
9958　世紀鋼,106/04/25,"1,163","11,106",9.55,9.55,9.55,9.55, 0.00,2
9958　世紀鋼,106/04/26,"32,835","313,552",9.55,9.60,9.45,9.54,-0.01,18
9958　世紀鋼,106/04/27,"52,198","493,881",9.45,9.54,9.41,9.52,-0.02,21
9958　世紀鋼,106/04/28,"46,206","436,776",9.52,9.52,9.45,9.45,-0.07,16
9958　世紀鋼,106/05/02,"88,622","837,549",9.45,9.57,9.33,9.53,+0.08,33
9958　世紀鋼,106/05/03,"44,117","417,257",9.54,9.54,9.35,9.50,-0.03,31
9958　世紀鋼,106/05/04,"25,560","240,399",9.45,9.45,9.37,9.42,-0.08,15
9958　世紀鋼,106/05/05,"26,275","245,577",9.51,9.51,9.30,9.30,-0.12,19
9958　世紀鋼,106/05/08,"65,180","607,310",9.35,9.43,9.30,9.30, 0.00,24
9958　世紀鋼,106/05/09,"19,000","179,300",9.59,9.59,9.33,9.40,+0.10,10
9958　世紀鋼,106/05/10,"19,414","182,999",9.48,9.48,9.30,9.42,+0.02,17
9958　世紀鋼,106/05/11,"6,062","57,066",9.49,9.49,9.40,9.40,-0.02,5
9958　世紀鋼,106/05/12,"49,403","466,658",9.47,9.47,9.33,9.40, 0.00,20
9958　世紀鋼,106/05/15,"12,369","117,138",9.49,9.49,9.46,9.47,+0.07,11
9958　世紀鋼,106/05/16,"19,020","179,766",9.45,9.50,9.33,9.40,-0.07,11
9958　世紀鋼,106/05/17,"40,000","375,270",9.47,9.50,9.30,9.34,-0.06,21
9958　世紀鋼,106/05/18,"23,040","215,032",9.34,9.37,9.30,9.37,+0.03,13
9958　世紀鋼,106/05/19,"9,341","87,939",9.46,9.46,9.39,9.39,+0.02,12
9958　世紀鋼,106/05/22,"16,100","152,130",9.50,9.50,9.40,9.44,+0.05,11
9958　世紀鋼,106/05/23,"19,500","183,379",9.48,9.48,9.35,9.42,-0.02,16
9958　世紀鋼,106/05/24,"28,106","263,698",9.42,9.43,9.35,9.35,-0.07,18
9958　世紀鋼,106/05/25,"81,222","757,584",9.35,9.43,9.30,9.30,-0.05,41
9958　世紀鋼,106/05/26,"50,499","469,759",9.30,9.38,9.29,9.38,+0.08,22
9958　世紀鋼,106/05/31,"7,422","69,664",9.38,9.40,9.36,9.36,-0.02,6
9958　世紀鋼,106/06/01,"61,696","572,282",9.36,9.36,9.21,9.29,-0.07,37
9958　世紀鋼,106/06/02,"9,715","90,308",9.30,9.30,9.28,9.30,+0.01,7
9958　世紀鋼,106/06/03,"48,301","448,058",9.30,9.30,9.25,9.28,-0.02,22
9958　世紀鋼,106/06/05,"68,346","649,319",9.40,9.73,9.40,9.44,+0.16,38
9958　世紀鋼,106/06/06,"24,898","235,579",9.44,9.49,9.41,9.41,-0.03,17
9958　世紀鋼,106/06/07,"28,169","265,338",9.41,9.47,9.34,9.45,+0.04,18
9958　世紀鋼,106/06/08,"35,419","334,828",9.47,9.48,9.42,9.45, 0.00,20
9958　世紀鋼,106/06/09,"83,002","788,638",9.45,9.57,9.41,9.47,+0.02,38
9958　世紀鋼,106/06/12,"43,926","417,695",9.59,9.65,9.41,9.54,+0.07,22
9958　世紀鋼,106/06/13,"14,000","132,900",9.54,9.54,9.47,9.47,-0.07,8
9958　世紀鋼,106/06/14,"18,500","174,995",9.43,9.53,9.41,9.41,-0.06,13
9958　世紀鋼,106/06/15,"45,000","425,240",9.53,9.53,9.38,9.48,+0.07,22
9958　世紀鋼,106/06/16,"29,164","275,611",9.35,9.48,9.35,9.48, 0.00,19
9958　世紀鋼,106/06/19,"28,580","269,108",9.48,9.48,9.40,9.47,-0.01,14
9958　世紀鋼,106/06/20,"15,341","144,543",9.45,9.45,9.39,9.45,-0.02,15
9958　世紀鋼,106/06/21,"27,000","253,300",9.38,9.39,9.35,9.39,-0.06,18
9958　世紀鋼,106/06/22,"41,570","389,231",9.39,9.40,9.35,9.39, 0.00,18
9958　世紀鋼,106/06/23,"34,268","320,311",9.36,9.36,9.32,9.35,-0.04,27
9958　世紀鋼,106/06/26,"72,234","676,794",9.38,9.43,9.33,9.39,+0.04,42
9958　世紀鋼,106/06/27,"27,450","257,254",9.39,9.39,9.36,9.38,-0.01,22
9958　世紀鋼,106/06/28,"39,680","371,235",9.38,9.41,9.36,9.37,-0.01,30
9958　世紀鋼,106/06/29,"194,900","1,818,039",9.37,9.40,9.29,9.40,+0.03,66
9958　世紀鋼,106/06/30,"77,500","727,898",9.39,9.42,9.30,9.42,+0.02,33
9958　世紀鋼,106/07/03,"31,020","292,488",9.42,9.44,9.35,9.43,+0.01,20
9958　世紀鋼,106/07/04,"11,000","103,370",9.43,9.43,9.37,9.37,-0.06,5
9958　世紀鋼,106/07/05,"26,747","249,984",9.33,9.39,9.31,9.39,+0.02,16
9958　世紀鋼,106/07/06,"81,960","763,036",9.35,9.39,9.28,9.35,-0.04,30
9958　世紀鋼,106/07/07,"43,187","402,461",9.35,9.37,9.30,9.37,+0.02,23
9958　世紀鋼,106/07/10,"102,479","953,946",9.31,9.40,9.28,9.39,+0.02,44
9958　世紀鋼,106/07/11,"78,530","737,239",9.39,9.43,9.35,9.39, 0.00,36
9958　世紀鋼,106/07/12,"298,426","2,845,547",9.40,9.75,9.40,9.67,+0.28,119
9958　世紀鋼,106/07/13,"87,140","843,112",9.75,9.75,9.61,9.66,-0.01,56
9958　世紀鋼,106/07/14,"59,654","573,502",9.70,9.70,9.58,9.64,-0.02,32
9958　世紀鋼,106/07/17,"195,250","1,896,194",9.66,9.85,9.63,9.78,+0.14,76
9958　世紀鋼,106/07/18,"278,000","2,751,060",9.78,9.96,9.75,9.95,+0.17,99
9958　世紀鋼,106/07/19,"1,037,348","10,572,433",9.95,10.30,9.95,10.20,+0.25,343
9958　世紀鋼,106/07/20,"510,321","5,237,271",10.15,10.35,10.15,10.35,+0.15,178
9958　世紀鋼,106/07/21,"456,347","4,653,037",10.35,10.35,10.00,10.25,-0.10,141
9958　世紀鋼,106/07/24,"115,020","1,168,452",10.25,10.25,10.15,10.15,-0.10,43
9958　世紀鋼,106/07/25,"144,968","1,466,977",10.15,10.15,10.00,10.15, 0.00,55
9958　世紀鋼,106/07/26,"143,670","1,464,917",10.15,10.25,10.15,10.20,+0.05,60
9958　世紀鋼,106/07/27,"109,161","1,096,968",10.15,10.15,10.00,10.05,-0.15,39
9958　世紀鋼,106/07/28,"128,512","1,294,370",10.00,10.15,10.00,10.15,+0.10,60
9958　世紀鋼,106/07/31,"30,228","304,830",10.15,10.15,10.05,10.05,-0.10,18
9958　世紀鋼,106/08/01,"163,795","1,654,889",10.15,10.20,10.05,10.10,+0.05,46
9958　世紀鋼,106/08/02,"54,531","551,563",10.20,10.20,10.05,10.20,+0.10,23
9958　世紀鋼,106/08/03,"34,370","348,936",10.20,10.20,10.10,10.15,-0.05,20
9958　世紀鋼,106/08/04,"45,665","462,350",10.15,10.15,10.10,10.10,-0.05,24
9958　世紀鋼,106/08/07,"130,620","1,324,611",10.20,10.20,10.10,10.15,+0.05,33
9958　世紀鋼,106/08/08,"37,741","381,346",10.10,10.15,10.05,10.15, 0.00,21
9958　世紀鋼,106/08/09,"76,400","769,077",10.05,10.10,10.00,10.00,-0.15,31
9958　世紀鋼,106/08/10,"56,000","557,930",9.93,10.05,9.92,10.00, 0.00,27
9958　世紀鋼,106/08/11,"81,003","812,830",9.91,10.10,9.91,10.10,+0.10,35
9958　世紀鋼,106/08/14,"71,482","713,360",10.15,10.15,9.95,10.00,-0.10,25
9958　世紀鋼,106/08/15,"20,114","200,148",9.92,9.97,9.92,9.97,-0.03,9
9958　世紀鋼,106/08/16,"38,200","380,931",9.97,10.00,9.91,10.00,+0.03,21
9958　世紀鋼,106/08/17,"14,020","139,709",10.00,10.00,9.95,9.95,-0.05,9
9958　世紀鋼,106/08/18,"13,552","135,267",10.00,10.00,9.97,9.97,+0.02,13
9958　世紀鋼,106/08/21,"237,646","2,380,575",10.00,10.05,9.99,10.05,+0.08,64
9958　世紀鋼,106/08/22,"304,820","3,070,140",10.05,10.15,10.00,10.10,+0.05,66
9958　世紀鋼,106/08/23,"187,979","1,890,587",10.05,10.10,10.00,10.05,-0.05,50
9958　世紀鋼,106/08/24,"127,004","1,262,683",9.85,10.00,9.80,9.94,X0.00,62
9958　世紀鋼,106/08/25,"161,007","1,598,506",9.99,9.99,9.90,9.90,-0.04,40
9958　世紀鋼,106/08/28,"132,416","1,315,466",9.97,9.97,9.90,9.95,+0.05,28
9958　世紀鋼,106/08/29,"75,000","746,280",9.96,9.96,9.94,9.94,-0.01,23
9958　世紀鋼,106/08/30,"88,183","878,728",9.98,9.98,9.95,9.96,+0.02,18
9958　世紀鋼,106/08/31,"53,233","527,595",9.99,9.99,9.86,9.95,-0.01,32
9958　世紀鋼,106/09/01,"103,468","1,027,092",9.93,9.97,9.90,9.96,+0.01,30
9958　世紀鋼,106/09/04,"72,300","720,310",9.97,9.99,9.91,9.97,+0.01,33
9958　世紀鋼,106/09/05,"37,960","376,899",9.91,9.97,9.90,9.96,-0.01,17
9958　世紀鋼,106/09/06,"97,168","967,505",9.95,9.97,9.91,9.96, 0.00,29
9958　世紀鋼,106/09/07,"47,723","474,016",9.96,9.96,9.90,9.95,-0.01,20
9958　世紀鋼,106/09/08,"32,000","318,140",9.95,9.95,9.91,9.93,-0.02,18
9958　世紀鋼,106/09/11,"47,780","475,070",9.93,9.95,9.93,9.95,+0.02,19
9958　世紀鋼,106/09/12,"134,721","1,337,606",9.96,9.98,9.90,9.96,+0.01,22
9958　世紀鋼,106/09/13,"2,932,224","31,521,212",9.97,10.95,9.96,10.95,+0.99,749
9958　世紀鋼,106/09/14,"2,705,852","30,931,696",11.50,11.70,11.20,11.20,+0.25,812
9958　世紀鋼,106/09/15,"984,185","11,173,071",11.30,11.45,11.10,11.30,+0.10,306
9958　世紀鋼,106/09/18,"3,347,799","40,947,692",11.40,12.40,11.40,12.40,+1.10,902
9958　世紀鋼,106/09/19,"4,057,840","52,762,150",12.85,13.40,12.65,12.80,+0.40,"1,231"
9958　世紀鋼,106/09/20,"1,175,510","14,819,394",12.80,12.95,12.40,12.75,-0.05,410
9958　世紀鋼,106/09/21,"1,036,462","12,861,877",12.75,12.75,12.25,12.40,-0.35,355
9958　世紀鋼,106/09/22,"664,370","8,357,797",12.50,13.10,12.40,12.45,+0.05,307
9958　世紀鋼,106/09/25,"3,121,217","41,022,721",12.45,13.55,12.45,13.15,+0.70,"1,026"
9958　世紀鋼,106/09/26,"856,875","10,995,200",12.75,12.95,12.75,12.85,-0.30,282
9958　世紀鋼,106/09/27,"855,079","11,114,763",13.00,13.05,12.90,13.00,+0.15,282
9958　世紀鋼,106/09/28,"6,596,818","93,288,093",13.10,14.30,13.10,14.20,+1.20,"2,087"
9958　世紀鋼,106/09/29,"4,846,923","70,191,214",14.70,14.85,14.00,14.50,+0.30,"1,840"
9958　世紀鋼,106/09/30,"7,637,545","118,619,529",14.55,15.95,14.55,15.80,+1.30,"2,892"
9958　世紀鋼,106/10/02,"5,118,405","83,698,838",15.80,16.80,15.75,16.55,+0.75,"2,051"
9958　世紀鋼,106/10/03,"5,531,788","91,243,806",16.90,17.15,16.00,16.05,-0.50,"1,813"
9958　世紀鋼,106/10/05,"3,111,016","50,277,795",16.05,16.50,15.85,16.25,+0.20,"1,082"
9958　世紀鋼,106/10/06,"2,064,236","33,462,130",16.30,16.55,16.05,16.15,-0.10,605
9958　世紀鋼,106/10/11,"2,393,097","37,244,368",16.10,16.15,15.25,15.30,-0.85,766
9958　世紀鋼,106/10/12,"3,632,302","53,017,207",15.10,15.25,14.15,14.50,-0.80,"1,176"
9958　世紀鋼,106/10/13,"2,620,678","39,814,175",14.60,15.70,14.60,15.20,+0.70,974
9958　世紀鋼,106/10/16,"1,090,162","16,557,583",15.00,15.45,14.85,15.10,-0.10,383
9958　世紀鋼,106/10/17,"824,547","12,441,724",15.30,15.30,14.95,15.00,-0.10,282
9958　世紀鋼,106/10/18,"899,288","13,387,116",15.10,15.15,14.70,14.70,-0.30,323
9958　世紀鋼,106/10/19,"1,017,317","15,304,568",14.90,15.45,14.80,15.00,+0.30,355
9958　世紀鋼,106/10/20,"603,926","9,056,074",15.00,15.20,14.80,15.20,+0.20,254
9958　世紀鋼,106/10/23,"2,180,498","34,455,517",15.20,16.40,15.20,15.55,+0.35,834
9958　世紀鋼,106/10/24,"846,480","13,112,067",15.60,15.75,15.25,15.40,-0.15,298
9958　世紀鋼,106/10/25,"1,049,309","16,256,390",15.60,15.75,15.40,15.45,+0.05,293
9958　世紀鋼,106/10/26,"1,329,674","20,875,272",15.45,16.00,15.30,15.65,+0.20,420
9958　世紀鋼,106/10/27,"2,242,347","35,833,995",16.20,16.30,15.65,15.80,+0.15,649
9958　世紀鋼,106/10/30,"1,329,167","20,814,570",15.80,15.95,15.50,15.50,-0.30,357
9958　世紀鋼,106/10/31,"1,043,145","16,248,693",15.70,15.75,15.50,15.55,+0.05,241
9958　世紀鋼,106/11/01,"670,142","10,385,789",15.60,15.60,15.45,15.50,-0.05,163
9958　世紀鋼,106/11/02,"3,295,894","52,581,881",15.60,16.30,15.50,15.75,+0.25,911
9958　世紀鋼,106/11/03,"1,027,065","16,124,013",15.75,15.90,15.60,15.70,-0.05,221
9958　世紀鋼,106/11/06,"3,478,536","55,883,689",15.75,16.35,15.75,15.95,+0.25,926
9958　世紀鋼,106/11/07,"3,447,646","56,424,006",16.50,16.65,16.00,16.40,+0.45,"1,101"
9958　世紀鋼,106/11/08,"773,685","12,559,240",16.45,16.45,16.10,16.15,-0.25,298
9958　世紀鋼,106/11/09,"1,135,598","18,009,696",16.15,16.15,15.60,15.70,-0.45,392
9958　世紀鋼,106/11/10,"615,091","9,641,867",15.80,15.80,15.50,15.70, 0.00,212
9958　世紀鋼,106/11/13,"640,826","9,995,993",15.55,15.70,15.55,15.55,-0.15,191
9958　世紀鋼,106/11/14,"637,934","9,902,882",15.55,15.65,15.45,15.50,-0.05,149
9958　世紀鋼,106/11/15,"460,259","7,090,788",15.50,15.55,15.30,15.40,-0.10,172
9958　世紀鋼,106/11/16,"994,700","15,011,600",15.40,15.40,14.95,15.05,-0.35,286
9958　世紀鋼,106/11/17,"800,420","12,021,907",15.15,15.15,14.90,15.00,-0.05,189
9958　世紀鋼,106/11/20,"572,000","8,609,848",15.05,15.30,14.95,15.10,+0.10,165
9958　世紀鋼,106/11/21,"596,051","8,878,997",15.00,15.00,14.80,14.80,-0.30,207
9958　世紀鋼,106/11/22,"591,064","8,795,493",14.90,15.05,14.75,14.85,+0.05,162
9958　世紀鋼,106/11/23,"837,252","12,243,351",15.00,15.00,14.40,14.50,-0.35,285
9958　世紀鋼,106/11/24,"1,432,516","20,342,842",14.45,14.65,14.05,14.05,-0.45,409
9958　世紀鋼,106/11/27,"1,647,418","22,153,800",14.05,14.05,13.25,13.45,-0.60,589
9958　世紀鋼,106/11/28,"1,021,562","13,994,940",13.75,13.95,13.55,13.60,+0.15,295
9958　世紀鋼,106/11/29,"1,076,998","14,974,721",14.00,14.40,13.80,13.85,+0.25,276
9958　世紀鋼,106/11/30,"2,790,683","40,864,273",13.85,15.20,13.80,15.20,+1.35,893
9958　世紀鋼,106/12/01,"3,389,952","52,469,071",15.65,15.80,15.25,15.25,+0.05,"1,239"
9958　世紀鋼,106/12/04,"551,975","8,150,282",14.95,15.10,14.60,14.75,-0.50,286
9958　世紀鋼,106/12/05,"548,474","8,066,674",14.75,14.85,14.50,14.55,-0.20,202
9958　世紀鋼,106/12/06,"1,141,200","16,189,180",13.50,15.00,13.50,14.50,-0.05,415
9958　世紀鋼,106/12/07,"525,191","7,672,747",15.00,15.00,14.30,14.75,+0.25,212
9958　世紀鋼,106/12/08,"2,121,367","32,115,562",14.65,15.70,14.45,14.90,+0.15,778
9958　世紀鋼,106/12/11,"1,042,680","16,002,270",15.00,15.80,14.95,15.75,+0.85,402
9958　世紀鋼,106/12/12,"936,640","14,507,455",15.75,15.75,15.35,15.50,-0.25,281
9958　世紀鋼,106/12/13,"2,411,883","38,755,148",15.55,16.45,15.50,16.30,+0.80,865
9958　世紀鋼,106/12/14,"8,616,121","150,825,058",16.25,17.90,16.10,17.70,+1.40,"2,712"
9958　世紀鋼,106/12/15,"4,632,864","80,795,214",17.45,17.80,17.10,17.60,-0.10,"1,582"
9958　世紀鋼,106/12/18,"3,933,161","69,509,964",17.75,18.15,17.20,17.25,-0.35,"1,253"
9958　世紀鋼,106/12/19,"1,622,886","28,161,412",17.25,17.50,17.20,17.50,+0.25,559
9958　世紀鋼,106/12/20,"3,342,159","59,709,555",17.70,18.35,17.50,17.50, 0.00,"1,059"
9958　世紀鋼,106/12/21,"1,560,389","27,688,424",17.60,18.00,17.50,17.65,+0.15,528
9958　世紀鋼,106/12/22,"6,486,800","119,023,046",18.00,19.10,17.70,18.95,+1.30,"2,053"
9958　世紀鋼,106/12/25,"4,356,173","82,804,015",19.00,19.55,18.50,19.05,+0.10,"1,611"
9958　世紀鋼,106/12/26,"2,686,482","49,674,072",19.10,19.15,18.15,18.20,-0.85,921
9958　世紀鋼,106/12/27,"1,472,299","27,315,730",18.30,19.00,18.10,18.60,+0.40,620
9958　世紀鋼,106/12/28,"8,381,790","165,869,436",18.95,20.30,18.90,19.85,+1.25,"2,750"
9958　世紀鋼,106/12/29,"14,002,128","295,951,779",20.05,21.80,20.05,21.20,+1.35,"4,651"
9958　世紀鋼,107/01/02,"11,528,894","260,967,512",21.40,23.30,21.40,23.30,+2.10,"3,995"
9958　世紀鋼,107/01/03,"14,323,098","355,429,665",23.65,25.60,23.65,25.60,+2.30,"5,398"
9958　世紀鋼,107/01/04,"17,689,696","485,999,546",26.90,28.15,26.20,28.15,+2.55,"6,222"
9958　世紀鋼,107/01/05,"31,072,994","915,071,720",28.20,30.95,27.10,30.95,+2.80,"12,722"
9958　世紀鋼,107/01/08,"16,260,289","543,024,276",32.00,34.00,31.60,34.00,+3.05,"5,581"
9958　世紀鋼,107/01/09,"9,995,820","367,683,728",37.40,37.40,36.00,37.40,+3.40,"4,310"
9958　世紀鋼,107/01/10,"7,491,308","300,468,210",38.00,41.10,38.00,41.10,+3.70,"3,191"
9958　世紀鋼,107/01/11,"4,089,941","183,139,303",44.10,45.20,44.10,45.20,+4.10,"1,881"
9958　世紀鋼,107/01/12,"3,877,620","164,634,532",44.50,44.50,40.70,40.70,-4.50,"1,309"
9958　世紀鋼,107/01/15,"2,045,002","74,949,322",36.65,36.65,36.65,36.65,-4.05,498
9958　世紀鋼,107/01/16,"3,257,009","107,481,297",33.00,33.00,33.00,33.00,-3.65,768
9958　世紀鋼,107/01/17,"20,380,929","647,105,388",29.70,34.70,29.70,34.10,+1.10,"4,336"
9958　世紀鋼,107/01/18,"3,760,042","137,076,012",35.50,37.50,35.50,37.50,+3.40,"1,124"
9958　世紀鋼,107/01/19,"5,933,805","226,496,408",38.25,40.00,36.30,37.55,+0.05,"1,718"
9958　世紀鋼,107/01/22,"2,055,219","79,919,421",39.45,39.45,37.55,39.45,+1.90,791
9958　世紀鋼,107/01/23,"2,519,589","102,810,806",40.40,41.60,40.30,41.60,+2.15,879
9958　世紀鋼,107/01/24,"2,002,054","83,504,124",42.95,42.95,40.55,41.55,-0.05,780
9958　世紀鋼,107/01/25,"1,384,335","57,836,920",41.95,42.00,41.00,42.00,+0.45,638
9958　世紀鋼,107/01/26,"9,299,643","373,058,520",42.00,43.95,38.15,40.00,-2.00,"4,509"
9958　世紀鋼,107/01/29,"5,532,603","218,254,129",40.00,41.60,37.70,39.70,-0.30,"3,051"
9958　世紀鋼,107/01/30,"2,771,342","110,658,518",39.50,40.80,39.00,39.70, 0.00,"1,520"
9958　世紀鋼,107/01/31,"7,951,033","337,437,513",39.10,43.65,39.10,43.65,+3.95,"3,588"
9958　世紀鋼,107/02/01,"19,609,293","911,398,614",43.65,48.00,42.90,48.00,+4.35,"10,056"
9958　世紀鋼,107/02/02,"24,051,444","1,252,036,408",51.70,52.80,50.20,52.80,+4.80,"11,366"
9958　世紀鋼,107/02/05,"39,121,666","2,194,777,628",53.60,58.00,52.00,58.00,+5.20,"18,780"
9958　世紀鋼,107/02/06,"39,750,010","2,232,188,020",56.60,60.50,52.20,52.20,-5.80,"18,553"
9958　世紀鋼,107/02/07,"38,737,687","2,040,611,171",53.00,56.30,47.15,48.95,-3.25,"19,078"
9958　世紀鋼,107/02/08,"23,763,304","1,131,724,610",49.00,50.50,45.25,46.30,-2.65,"13,004"
9958　世紀鋼,107/02/09,"16,021,720","748,071,590",43.00,48.90,43.00,47.20,+0.90,"9,106"
9958　世紀鋼,107/02/12,"13,769,718","696,305,404",49.50,51.90,48.50,51.90,+4.70,"6,517"
9958　世紀鋼,107/02/21,"28,489,126","1,570,133,382",54.20,57.00,53.00,57.00,+5.10,"14,492"
9958　世紀鋼,107/02/22,"22,903,165","1,400,028,431",59.00,62.70,58.50,62.70,+5.70,"11,405"
9958　世紀鋼,107/02/23,"28,010,617","1,842,294,846",65.50,68.50,56.50,56.50,-6.20,"13,882"
9958　世紀鋼,107/02/26,"41,398,287","2,370,593,330",55.00,61.80,53.00,59.00,+2.50,"22,113"
9958　世紀鋼,107/02/27,"24,113,859","1,483,518,713",63.00,63.20,59.40,62.50,+3.50,"13,351"
9958　世紀鋼,107/03/01,"20,144,575","1,263,863,442",61.40,64.20,60.60,63.50,+1.00,"11,163"
9958　世紀鋼,107/03/02,"15,563,654","976,142,305",62.10,64.00,61.40,61.80,-1.70,"8,478"
9958　世紀鋼,107/03/05,"18,656,633","1,111,419,045",62.20,63.10,56.70,59.00,-2.80,"10,484"
9958　世紀鋼,107/03/06,"17,894,607","1,073,927,855",59.90,61.70,57.70,60.70,+1.70,"9,798"
9958　世紀鋼,107/03/07,"10,704,308","639,888,764",61.00,61.80,57.90,58.00,-2.70,"6,247"
9958　世紀鋼,107/03/08,"7,387,266","429,227,080",58.30,58.90,57.40,58.50,+0.50,"3,890"
9958　世紀鋼,107/03/09,"6,666,735","384,570,995",59.80,59.80,56.80,57.20,-1.30,"3,944"
9958　世紀鋼,107/03/12,"20,313,703","1,219,876,707",58.20,62.90,55.80,62.90,+5.70,"10,305"
9958　世紀鋼,107/03/13,"29,973,653","1,883,554,080",63.90,65.00,58.00,60.00,-2.90,"16,022"
9958　世紀鋼,107/03/14,"11,524,102","704,656,685",59.50,63.10,59.20,61.00,+1.00,"7,235"
9958　世紀鋼,107/03/15,"8,307,878","508,482,940",60.80,62.30,59.90,61.40,+0.40,"5,112"
9958　世紀鋼,107/03/16,"8,249,847","512,272,830",61.40,63.00,61.00,61.20,-0.20,"4,803"
9958　世紀鋼,107/03/19,"24,763,465","1,600,599,078",63.20,67.00,62.30,63.10,+1.90,"13,723"
9958　世紀鋼,107/03/20,"10,201,323","652,074,072",63.50,64.60,62.80,64.30,+1.20,"5,854"
9958　世紀鋼,107/03/21,"18,270,455","1,210,815,284",65.50,67.60,64.90,65.70,+1.40,"9,971"
9958　世紀鋼,107/03/22,"45,249,869","3,030,862,842",67.00,70.10,60.60,65.70, 0.00,"21,676"
9958　世紀鋼,107/03/23,"20,208,854","1,334,299,133",64.00,67.50,63.20,67.50,+1.80,"11,253"
9958　世紀鋼,107/03/26,"26,187,901","1,810,972,878",69.40,70.10,67.50,70.00,+2.50,"13,195"
9958　世紀鋼,107/03/27,"18,662,327","1,310,558,122",71.00,71.30,69.30,69.50,-0.50,"10,231"
9958　世紀鋼,107/03/28,"9,798,337","681,607,653",69.80,70.40,68.80,69.00,-0.50,"5,327"
9958　世紀鋼,107/03/29,"39,936,439","2,939,777,005",69.60,75.90,69.60,75.90,+6.90,"20,218"
9958　世紀鋼,107/03/30,"46,122,003","3,738,559,736",80.00,83.40,78.90,83.40,+7.50,"24,583"
9958　世紀鋼,107/03/31,"39,474,506","3,205,915,713",83.40,83.40,79.00,80.50,-2.90,"21,198"
9958　世紀鋼,107/04/02,"28,444,278","2,357,528,636",81.00,85.00,80.80,81.70,+1.20,"15,556"
9958　世紀鋼,107/04/03,"17,347,467","1,444,288,663",82.00,84.60,82.00,84.10,+2.40,"9,856"
9958　世紀鋼,107/04/09,"24,226,953","2,155,219,147",86.50,92.50,85.60,92.50,+8.40,"13,201"
9958　世紀鋼,107/04/10,"44,297,194","4,018,688,335",96.00,98.70,83.30,83.30,-9.20,"25,355"
9958　世紀鋼,107/04/11,"39,648,626","3,334,199,236",83.80,87.50,79.70,86.00,+2.70,"23,594"
9958　世紀鋼,107/04/12,"5,029,396","426,255,132",85.90,86.60,83.00,85.00,-1.00,"2,978"
9958　世紀鋼,107/04/13,"5,773,972","482,287,727",85.80,85.80,80.30,84.80,-0.20,"3,357"
9958　世紀鋼,107/04/16,"2,444,585","205,164,842",87.00,87.00,81.00,82.60,-2.20,"1,709"
9958　世紀鋼,107/04/17,"2,312,057","191,541,190",84.00,84.00,81.50,83.00,+0.40,"1,550"
9958　世紀鋼,107/04/18,"1,891,224","158,593,885",83.90,84.90,82.80,83.10,+0.10,"1,231"
9958　世紀鋼,107/04/19,"3,113,145","260,094,371",83.00,85.00,82.00,83.50,+0.40,"2,030"
9958　世紀鋼,107/04/20,"3,872,290","322,850,270",83.20,85.00,82.10,82.60,-0.90,"2,364"
9958　世紀鋼,107/04/23,"2,048,103","169,932,894",83.50,83.50,82.00,83.50,+0.90,"1,292"
9958　世紀鋼,107/04/24,"4,110,225","341,286,925",84.90,85.00,80.00,81.00,-2.50,"2,622"
9958　世紀鋼,107/04/25,"3,512,390","282,002,396",79.90,81.90,79.00,81.80,+0.80,"2,281"
9958　世紀鋼,107/04/26,"16,775,912","1,299,380,310",84.00,85.00,73.70,73.70,-8.10,"10,350"
9958　世紀鋼,107/04/27,"20,430,948","1,472,545,455",73.20,74.50,68.90,73.80,+0.10,"11,995"
9958　世紀鋼,107/04/30,"1,273,646","93,229,520",71.30,75.50,71.30,73.10,-0.70,725
9958　世紀鋼,107/05/02,"1,079,300","72,131,640",70.10,70.10,65.80,65.80,-7.30,452
9958　世紀鋼,107/05/03,"437,140","25,922,401",59.30,59.30,59.30,59.30,-6.50,198
9958　世紀鋼,107/05/04,"2,450,420","130,852,428",53.40,53.40,53.40,53.40,-5.90,869
9958　世紀鋼,107/05/07,"3,918,039","199,144,428",52.50,52.50,48.50,52.00,-1.40,"1,619"
9958　世紀鋼,107/05/08,"2,322,477","116,419,723",51.70,52.00,46.80,46.80,-5.20,992
9958　世紀鋼,107/05/09,"3,394,318","157,542,132",44.30,49.00,44.30,49.00,+2.20,"1,450"
9958　世紀鋼,107/05/10,"1,116,827","53,652,739",48.90,48.90,47.00,48.60,-0.40,512
9958　世紀鋼,107/05/11,"1,731,486","91,282,172",49.90,53.40,49.90,52.00,+3.40,728
9958　世紀鋼,107/05/14,"1,044,630","51,440,360",52.00,52.00,48.00,49.60,-2.40,449
9958　世紀鋼,107/05/15,"606,900","31,312,649",50.20,52.00,50.20,51.00,+1.40,290
9958　世紀鋼,107/05/16,"408,700","21,008,400",51.40,51.50,51.40,51.40,+0.40,197
9958　世紀鋼,107/05/17,"575,570","28,839,585",52.00,52.00,49.25,49.55,-1.85,340
9958　世紀鋼,107/05/18,"273,118","13,683,228",49.55,50.70,49.55,50.30,+0.75,186
9958　世紀鋼,107/05/21,"684,761","36,156,811",51.10,53.50,51.00,53.50,+3.20,370
9958　世紀鋼,107/05/22,"923,080","51,820,504",55.20,58.00,54.50,58.00,+4.50,486
9958　世紀鋼,107/05/23,"7,050,187","419,502,883",59.00,61.00,58.00,59.20,+1.20,"4,417"
9958　世紀鋼,107/05/24,"2,302,181","136,187,679",58.70,60.30,58.00,59.00,-0.20,"1,673"
9958　世紀鋼,107/05/25,"3,404,827","192,751,659",59.30,59.50,55.10,55.10,-3.90,"2,347"
9958　世紀鋼,107/05/28,"4,567,105","234,581,426",54.60,54.80,49.90,50.30,-4.80,"3,042"
9958　世紀鋼,107/05/29,"3,016,997","155,694,043",50.30,52.90,50.30,50.50,+0.20,"2,057"
9958　世紀鋼,107/05/30,"2,176,664","109,846,931",49.60,51.50,49.00,50.00,-0.50,"1,500"
9958　世紀鋼,107/05/31,"1,559,388","77,933,342",51.10,51.50,49.20,49.35,-0.65,"1,085"
9958　世紀鋼,107/06/01,"4,828,098","247,567,110",49.50,54.20,47.90,54.20,+4.85,"2,957"
9958　世紀鋼,107/06/04,"7,709,492","444,724,927",55.60,59.40,55.00,58.00,+3.80,"4,865"
9958　世紀鋼,107/06/05,"3,437,340","196,314,408",57.20,58.50,55.80,56.20,-1.80,"2,330"
9958　世紀鋼,107/06/06,"4,769,901","279,430,643",57.30,59.50,56.70,58.90,+2.70,"3,045"
9958　世紀鋼,107/06/07,"2,984,030","171,572,199",58.60,58.70,56.60,56.60,-2.30,"1,948"
9958　世紀鋼,107/06/08,"2,526,221","139,401,855",56.70,57.20,54.10,54.70,-1.90,"1,587"
9958　世紀鋼,107/06/11,"1,682,500","91,862,898",54.90,55.80,53.50,54.70, 0.00,"1,148"
9958　世紀鋼,107/06/12,"2,055,537","114,162,038",55.00,56.90,54.70,55.10,+0.40,"1,380"
9958　世紀鋼,107/06/13,"4,433,348","262,443,087",55.60,60.60,55.50,60.60,+5.50,"2,246"
9958　世紀鋼,107/06/14,"15,234,425","986,056,612",65.60,66.50,62.10,62.50,+1.90,"8,733"
9958　世紀鋼,107/06/15,"5,856,241","373,014,509",63.00,65.50,61.90,63.20,+0.70,"3,977"
9958　世紀鋼,107/06/19,"9,387,131","642,126,102",64.50,69.50,64.50,69.50,+6.30,"3,188"
9958　世紀鋼,107/06/20,"34,150,635","2,407,315,397",72.00,72.20,68.00,70.20,+0.70,"15,560"
9958　世紀鋼,107/06/21,"9,290,761","643,482,848",70.20,71.00,66.20,66.20,-4.00,"5,329"
9958　世紀鋼,107/06/22,"4,954,371","313,188,946",64.30,65.50,61.00,61.60,-4.60,"3,343"
9958　世紀鋼,107/06/25,"8,306,208","530,637,227",63.70,65.70,62.00,62.10,+0.50,"4,590"
9958　世紀鋼,107/06/26,"10,386,259","664,311,426",64.00,65.70,61.50,64.90,+2.80,"4,842"
9958　世紀鋼,107/06/27,"11,674,427","773,323,624",65.20,67.90,62.70,62.70,-2.20,"6,156"
9958　世紀鋼,107/06/28,"5,655,264","361,477,388",62.50,65.50,62.40,63.90,+1.20,"3,695"
9958　世紀鋼,107/06/29,"3,076,033","198,436,493",64.90,65.60,63.20,63.50,-0.40,"1,998"
9958　世紀鋼,107/07/02,"2,682,952","167,334,026",63.00,63.80,61.60,62.30,-1.20,"1,591"
9958　世紀鋼,107/07/03,"3,067,600","188,498,098",63.70,63.80,60.00,60.10,-2.20,"1,734"
9958　世紀鋼,107/07/04,"4,843,772","295,023,264",60.10,62.50,58.50,62.40,+2.30,"2,785"
9958　世紀鋼,107/07/05,"2,387,533","147,013,613",61.90,62.70,60.70,61.00,-1.40,"1,433"
9958　世紀鋼,107/07/06,"1,738,054","106,575,809",62.00,62.40,60.10,61.30,+0.30,"1,130"
9958　世紀鋼,107/07/09,"2,592,924","162,880,494",62.10,63.50,61.60,63.40,+2.10,"1,536"
9958　世紀鋼,107/07/10,"3,653,365","236,483,866",63.60,65.40,63.50,65.40,+2.00,"2,252"
9958　世紀鋼,107/07/11,"2,285,500","148,339,647",65.80,65.80,64.00,64.70,-0.70,"1,380"
9958　世紀鋼,107/07/12,"1,360,220","88,291,690",64.80,65.50,64.50,64.50,-0.20,803
9958　世紀鋼,107/07/13,"2,788,756","180,938,808",65.00,65.50,63.80,64.20,-0.30,"1,244"
9958　世紀鋼,107/07/16,"9,098,861","627,170,581",66.00,70.60,66.00,70.60,+6.40,"5,002"
9958　世紀鋼,107/07/17,"15,312,545","1,074,265,973",71.60,72.00,67.20,67.20,-3.40,"6,995"
9958　世紀鋼,107/07/18,"3,315,456","225,485,333",68.00,68.90,67.00,68.10,+0.90,"1,920"
9958　世紀鋼,107/07/19,"3,288,893","225,033,689",67.80,69.50,67.50,68.30,+0.20,"1,475"
9958　世紀鋼,107/07/20,"1,986,666","136,190,753",68.30,69.80,67.70,69.00,+0.70,"1,291"
9958　世紀鋼,107/07/23,"6,342,292","448,810,240",69.00,72.00,69.00,70.00,+1.00,"3,205"
9958　世紀鋼,107/07/24,"2,022,715","142,428,891",70.80,71.70,69.40,70.10,+0.10,"1,228"
9958　世紀鋼,107/07/25,"1,736,035","122,431,950",70.80,71.40,69.80,69.80,-0.30,"1,059"
9958　世紀鋼,107/07/26,"4,101,835","278,444,697",69.80,69.90,66.50,68.30,-1.50,"2,673"
9958　世紀鋼,107/07/27,"1,283,253","88,195,404",68.50,69.50,68.30,68.80,+0.50,805
9958　世紀鋼,107/07/30,"3,783,378","264,840,482",69.20,71.20,68.70,68.70,-0.10,"2,399"
9958　世紀鋼,107/07/31,"1,313,533","90,683,627",69.30,69.80,68.40,69.30,+0.60,688
9958　世紀鋼,107/08/01,"1,064,655","74,000,919",70.40,70.40,69.00,69.30, 0.00,700
9958　世紀鋼,107/08/02,"993,445","68,260,796",69.10,69.30,68.30,68.80,-0.50,622
9958　世紀鋼,107/08/03,"1,430,594","99,486,597",69.40,69.90,69.00,69.70,+0.90,805
9958　世紀鋼,107/08/06,"604,145","41,808,850",70.40,70.40,68.60,68.80,-0.90,375
9958　世紀鋼,107/08/07,"794,634","54,849,380",68.80,69.90,68.60,68.90,+0.10,464
9958　世紀鋼,107/08/08,"779,270","53,725,687",69.10,69.50,68.50,68.50,-0.40,480
9958　世紀鋼,107/08/09,"2,189,783","146,146,322",67.90,67.90,65.60,66.70,X0.00,"1,333"
9958　世紀鋼,107/08/10,"1,388,649","91,386,779",66.40,66.50,65.10,65.10,-1.60,836
9958　世紀鋼,107/08/13,"2,381,501","149,356,668",64.30,64.30,61.00,62.00,-3.10,"1,395"
9958　世紀鋼,107/08/14,"1,314,365","82,162,110",62.00,63.60,61.20,63.60,+1.60,797
9958　世紀鋼,107/08/15,"1,212,974","75,452,185",63.20,63.70,61.70,62.00,-1.60,718
9958　世紀鋼,107/08/16,"1,567,775","96,363,453",61.00,63.50,60.40,62.80,+0.80,"1,032"
9958　世紀鋼,107/08/17,"5,466,134","332,238,898",62.10,62.30,60.30,60.50,-2.30,"3,221"
9958　世紀鋼,107/08/20,"6,870,140","412,072,863",60.00,62.50,58.60,61.50,+1.00,"4,097"
9958　世紀鋼,107/08/21,"1,805,770","110,451,339",61.00,62.00,60.50,61.10,-0.40,"1,060"
9958　世紀鋼,107/08/22,"1,515,791","92,599,151",60.60,61.60,60.60,60.80,-0.30,885
9958　世紀鋼,107/08/23,"6,923,467","442,515,169",61.70,65.40,61.50,62.90,+2.10,"4,390"
9958　世紀鋼,107/08/24,"1,880,338","116,682,694",62.90,62.90,61.30,62.00,-0.90,"1,132"
9958　世紀鋼,107/08/27,"1,269,655","79,724,663",62.10,63.60,62.10,62.70,+0.70,812
9958　世紀鋼,107/08/28,"1,035,836","64,901,032",63.00,63.70,62.00,62.00,-0.70,630
9958　世紀鋼,107/08/29,"900,891","56,466,519",62.20,63.20,62.20,62.20,+0.20,579
9958　世紀鋼,107/08/30,"2,599,794","167,000,429",62.50,65.00,62.50,64.10,+1.90,"1,677"
9958　世紀鋼,107/08/31,"1,383,300","88,849,100",64.50,65.00,63.70,63.80,-0.30,834
9958　世紀鋼,107/09/03,"2,192,122","138,663,686",63.50,64.40,62.60,62.60,-1.20,"1,524"
9958　世紀鋼,107/09/04,"1,031,496","64,966,090",62.60,63.80,62.50,63.40,+0.80,665
9958　世紀鋼,107/09/05,"7,742,959","528,738,946",64.00,69.70,63.20,69.70,+6.30,"3,864"
9958　世紀鋼,107/09/06,"15,886,610","1,129,259,690",69.40,73.00,69.00,69.30,-0.40,"9,362"
9958　世紀鋼,107/09/07,"23,535,750","1,736,753,774",70.80,75.60,70.80,74.50,+5.20,"13,515"
9958　世紀鋼,107/09/10,"21,243,227","1,616,948,275",75.50,77.50,73.70,77.50,+3.00,"11,960"
9958　世紀鋼,107/09/11,"12,595,954","977,017,730",76.90,79.50,75.90,79.50,+2.00,"7,461"
9958　世紀鋼,107/09/12,"27,596,086","2,291,176,565",79.90,85.00,79.90,85.00,+5.50,"17,061"
9958　世紀鋼,107/09/13,"19,269,519","1,629,738,057",86.30,86.70,83.10,83.10,-1.90,"10,822"
9958　世紀鋼,107/09/14,"22,993,416","1,834,892,380",83.50,83.90,76.40,80.00,-3.10,"13,658"
9958　世紀鋼,107/09/17,"17,229,425","1,440,569,053",80.50,85.20,80.50,85.20,+5.20,"10,189"
9958　世紀鋼,107/09/18,"21,258,703","1,808,034,412",85.00,87.20,83.00,83.50,-1.70,"12,968"
9958　世紀鋼,107/09/19,"11,621,453","986,341,827",84.40,86.30,84.00,84.40,+0.90,"6,914"
9958　世紀鋼,107/09/20,"11,922,455","1,016,456,630",85.70,86.20,83.70,86.20,+1.80,"6,868"
9958　世紀鋼,107/09/21,"24,122,437","2,173,520,750",87.50,93.50,87.50,93.50,+7.30,"13,926"
9958　世紀鋼,107/09/25,"37,328,659","3,544,785,914",95.00,99.40,88.80,91.40,-2.10,"22,553"
9958　世紀鋼,107/09/26,"33,999,801","3,247,401,811",93.50,100.00,91.80,100.00,+8.60,"19,388"
9958　世紀鋼,107/09/27,"25,105,248","2,462,834,601",97.20,99.90,96.10,99.00,-1.00,"14,673"
9958　世紀鋼,107/09/28,"33,655,755","3,212,781,272",99.90,100.50,90.40,90.90,-8.10,"19,689"
9958　世紀鋼,107/10/01,"29,066,044","2,633,289,963",91.40,93.60,86.80,92.50,+1.60,"17,563"
9958　世紀鋼,107/10/02,"19,924,320","1,818,093,349",94.60,94.60,89.10,90.00,-2.50,"12,274"
9958　世紀鋼,107/10/03,"26,957,473","2,367,490,557",90.90,91.80,84.30,84.30,-5.70,"16,142"
9958　世紀鋼,107/10/04,"22,181,847","1,904,623,717",84.60,89.20,82.30,88.90,+4.60,"13,304"
9958　世紀鋼,107/10/05,"20,180,072","1,740,572,414",87.50,88.30,83.70,86.00,-2.90,"12,628"
9958　世紀鋼,107/10/08,"13,030,380","1,102,196,340",85.00,86.80,83.00,83.00,-3.00,"7,893"
9958　世紀鋼,107/10/09,"19,445,331","1,646,642,489",83.00,86.10,81.60,86.00,+3.00,"11,241"
9958　世紀鋼,107/10/11,"23,485,524","1,871,582,672",82.00,82.10,77.40,77.40,-8.60,"13,034"
9958　世紀鋼,107/10/12,"15,457,405","1,225,928,205",77.40,81.20,76.00,81.00,+3.60,"9,318"
9958　世紀鋼,107/10/15,"12,395,354","986,926,784",80.10,81.90,78.00,78.00,-3.00,"7,376"
9958　世紀鋼,107/10/16,"10,749,036","832,141,810",78.30,79.80,75.50,75.50,-2.50,"6,405"
9958　世紀鋼,107/10/17,"10,514,418","800,553,650",77.70,77.80,75.00,75.00,-0.50,"6,021"
9958　世紀鋼,107/10/18,"20,054,949","1,533,440,773",75.00,79.50,72.80,76.90,+1.90,"12,078"
9958　世紀鋼,107/10/19,"14,497,669","1,124,153,047",76.30,78.80,74.80,78.70,+1.80,"8,821"
9958　世紀鋼,107/10/22,"13,948,612","1,124,743,149",77.90,81.80,77.70,81.80,+3.10,"8,404"
9958　世紀鋼,107/10/23,"14,424,471","1,191,965,535",81.40,84.40,81.10,81.40,-0.40,"8,594"
9958　世紀鋼,107/10/24,"9,273,064","755,673,287",82.20,83.10,79.80,81.10,-0.30,"5,777"
9958　世紀鋼,107/10/25,"9,510,824","751,000,104",78.90,80.50,77.50,80.00,-1.10,"6,006"
9958　世紀鋼,107/10/26,"7,531,268","601,535,486",81.60,82.00,77.10,77.10,-2.90,"4,536"
9958　世紀鋼,107/10/29,"11,749,638","874,924,336",77.60,78.40,70.70,72.20,-4.90,"7,377"
9958　世紀鋼,107/10/30,"10,031,212","723,041,388",71.50,74.90,69.50,74.20,+2.00,"6,519"
9958　世紀鋼,107/10/31,"7,973,250","595,670,750",74.50,76.00,73.70,74.30,+0.10,"4,959"
9958　世紀鋼,107/11/01,"4,943,910","369,370,991",74.10,75.70,74.00,74.50,+0.20,"3,075"
9958　世紀鋼,107/11/02,"14,360,239","1,130,936,542",75.30,81.90,74.70,77.70,+3.20,"9,237"
9958　世紀鋼,107/11/05,"8,297,346","661,621,594",78.50,80.90,78.40,78.60,+0.90,"5,583"
9958　世紀鋼,107/11/06,"11,240,543","908,394,518",79.90,82.10,79.30,79.50,+0.90,"7,116"
9958　世紀鋼,107/11/07,"7,084,344","573,538,921",81.40,82.30,80.00,80.30,+0.80,"4,318"
9958　世紀鋼,107/11/08,"4,906,099","393,471,978",81.70,81.80,78.50,78.50,-1.80,"3,091"
9958　世紀鋼,107/11/09,"3,078,093","242,713,809",79.00,79.80,78.20,79.80,+1.30,"2,051"
9958　世紀鋼,107/11/12,"6,086,095","492,149,795",80.40,81.80,79.80,80.20,+0.40,"3,691"
9958　世紀鋼,107/11/13,"6,504,285","517,217,549",79.00,81.00,78.20,80.90,+0.70,"4,044"
9958　世紀鋼,107/11/14,"31,170,623","2,662,345,912",81.70,88.60,81.60,83.80,+2.90,"18,858"
9958　世紀鋼,107/11/15,"10,909,766","913,005,392",85.30,85.90,82.00,82.20,-1.60,"6,986"
9958　世紀鋼,107/11/16,"5,925,968","482,257,908",82.80,82.80,80.30,80.30,-1.90,"3,993"
9958　世紀鋼,107/11/19,"4,181,648","336,965,816",80.50,81.70,79.30,80.70,+0.40,"2,688"
9958　世紀鋼,107/11/20,"2,457,691","197,288,980",79.90,81.10,79.70,80.00,-0.70,"1,692"
9958　世紀鋼,107/11/21,"3,624,342","292,532,825",79.50,81.80,78.60,80.30,+0.30,"2,603"
9958　世紀鋼,107/11/22,"4,816,861","379,286,380",80.60,81.50,76.30,76.50,-3.80,"3,154"
9958　世紀鋼,107/11/23,"7,735,899","582,000,225",76.50,77.20,73.90,74.80,-1.70,"4,973"
9958　世紀鋼,107/11/26,"17,542,678","1,238,750,645",70.10,72.50,68.40,72.30,-2.50,"10,551"
9958　世紀鋼,107/11/27,"4,753,436","345,246,628",72.30,73.60,71.50,73.00,+0.70,"3,069"
9958　世紀鋼,107/11/28,"5,825,596","415,310,816",72.80,72.80,70.50,71.00,-2.00,"3,751"
9958　世紀鋼,107/11/29,"11,145,032","776,755,922",71.90,72.50,68.00,68.20,-2.80,"6,800"
9958　世紀鋼,107/11/30,"20,287,886","1,359,831,667",65.00,70.50,63.30,67.80,-0.40,"11,798"
9958　世紀鋼,107/12/03,"5,329,622","366,139,082",68.50,69.50,68.00,68.30,+0.50,"3,333"
9958　世紀鋼,107/12/04,"6,490,863","451,809,147",68.60,70.90,68.50,69.20,+0.90,"4,032"
9958　世紀鋼,107/12/05,"5,476,601","367,203,767",68.10,68.50,65.60,66.90,-2.30,"3,668"
9958　世紀鋼,107/12/06,"4,417,610","290,499,241",67.10,67.60,64.20,64.80,-2.10,"2,863"
9958　世紀鋼,107/12/07,"3,366,348","217,612,973",65.30,65.90,63.70,64.40,-0.40,"2,235"
9958　世紀鋼,107/12/10,"4,541,771","296,080,428",63.40,66.50,62.70,64.30,-0.10,"2,971"
9958　世紀鋼,107/12/11,"1,496,752","96,632,752",64.50,65.20,64.00,64.50,+0.20,"1,062"
9958　世紀鋼,107/12/12,"2,509,520","164,813,021",65.00,66.70,64.70,66.20,+1.70,"1,780"
9958　世紀鋼,107/12/13,"4,305,550","287,413,979",67.00,68.20,65.00,65.00,-1.20,"2,998"
9958　世紀鋼,107/12/14,"4,757,086","301,398,549",64.50,64.60,62.70,63.20,-1.80,"3,090"
9958　世紀鋼,107/12/17,"2,189,348","138,533,626",63.10,64.00,62.50,63.20, 0.00,"1,371"
9958　世紀鋼,107/12/18,"3,140,002","194,635,628",62.90,63.60,60.90,61.00,-2.20,"2,193"
9958　世紀鋼,107/12/19,"8,218,306","495,749,666",61.00,61.90,58.70,60.50,-0.50,"4,999"
9958　世紀鋼,107/12/20,"3,484,632","209,708,404",60.60,61.40,59.00,59.00,-1.50,"2,211"
9958　世紀鋼,107/12/21,"4,904,827","285,843,555",59.00,59.50,56.60,59.10,+0.10,"3,178"
9958　世紀鋼,107/12/22,"8,666,430","556,969,850",63.30,65.00,62.60,65.00,+5.90,"4,628"
9958　世紀鋼,107/12/24,"17,745,860","1,199,821,220",67.10,69.00,66.10,67.10,+2.10,"10,785"
9958　世紀鋼,107/12/25,"4,941,592","323,166,780",66.40,66.50,64.60,65.00,-2.10,"3,145"
9958　世紀鋼,107/12/26,"3,064,102","197,720,000",65.50,65.90,62.90,63.20,-1.80,"2,061"
9958　世紀鋼,107/12/27,"2,181,551","139,914,802",65.00,65.10,63.30,63.70,+0.50,"1,483"
9958　世紀鋼,107/12/28,"6,035,168","396,516,069",64.20,67.00,64.20,65.00,+1.30,"4,144"
9958　世紀鋼,108/01/02,"5,732,201","354,529,478",63.60,64.00,61.00,61.10,-3.90,"3,635"
9958　世紀鋼,108/01/03,"8,159,482","474,475,193",57.80,59.90,56.80,58.30,-2.80,"4,990"
9958　世紀鋼,108/01/04,"10,576,298","573,756,369",57.30,57.30,52.50,52.50,-5.80,"6,299"
9958　世紀鋼,108/01/07,"6,607,208","352,185,278",53.00,54.70,52.00,52.80,+0.30,"4,131"
9958　世紀鋼,108/01/08,"2,721,691","143,649,875",53.20,53.50,52.30,52.50,-0.30,"1,732"
9958　世紀鋼,108/01/09,"2,477,700","131,819,200",53.20,53.80,52.60,53.00,+0.50,"1,576"
9958　世紀鋼,108/01/10,"7,104,645","393,277,875",53.50,56.60,53.10,55.10,+2.10,"4,762"
9958　世紀鋼,108/01/11,"2,822,700","154,828,527",55.10,55.80,54.20,54.60,-0.50,"1,695"
9958　世紀鋼,108/01/14,"1,321,850","72,420,450",55.60,55.60,54.20,54.20,-0.40,839
9958　世紀鋼,108/01/15,"3,702,432","206,152,363",54.20,56.90,53.50,56.50,+2.30,"2,362"
9958　世紀鋼,108/01/16,"4,199,675","242,066,214",56.50,58.70,56.50,57.80,+1.30,"2,569"
9958　世紀鋼,108/01/17,"2,215,300","128,045,609",57.90,58.90,56.60,56.60,-1.20,"1,378"
9958　世紀鋼,108/01/18,"1,615,220","92,729,381",56.60,58.40,56.50,58.10,+1.50,"1,025"
9958　世紀鋼,108/01/21,"6,089,261","331,341,203",53.60,55.70,53.50,55.20,-2.90,"3,715"
9958　世紀鋼,108/01/22,"2,795,673","156,856,920",55.40,56.90,55.20,56.30,+1.10,"1,726"
9958　世紀鋼,108/01/23,"9,256,292","547,815,900",56.30,60.00,55.90,60.00,+3.70,"5,821"
9958　世紀鋼,108/01/24,"21,656,972","1,383,415,863",60.40,66.00,59.60,65.60,+5.60,"12,964"
9958　世紀鋼,108/01/25,"17,577,898","1,149,857,327",65.90,66.80,63.20,64.40,-1.20,"10,468"
9958　世紀鋼,108/01/28,"7,182,771","476,125,511",65.80,67.50,65.20,66.30,+1.90,"4,468"
9958　世紀鋼,108/01/29,"5,072,013","337,499,465",66.00,67.40,65.60,66.90,+0.60,"3,161"
9958　世紀鋼,108/01/30,"7,443,152","503,450,291",67.50,68.90,65.80,65.80,-1.10,"4,700"
9958　世紀鋼,108/02/11,"6,075,668","425,262,088",71.50,71.50,69.20,69.90,+4.10,"3,670"
9958　世紀鋼,108/02/12,"7,651,597","540,410,047",69.90,72.40,68.70,70.00,+0.10,"4,717"
9958　世紀鋼,108/02/13,"4,489,173","311,329,601",70.00,70.90,68.50,68.70,-1.30,"2,778"
9958　世紀鋼,108/02/14,"1,793,764","123,463,716",68.20,69.30,68.20,68.50,-0.20,"1,181"
9958　世紀鋼,108/02/15,"4,016,462","278,700,053",69.20,70.90,68.20,68.20,-0.30,"2,396"
9958　世紀鋼,108/02/18,"3,283,569","224,535,275",68.80,69.70,67.00,68.50,+0.30,"1,884"
9958　世紀鋼,108/02/19,"10,421,300","742,904,270",69.10,73.10,68.70,70.10,+1.60,"6,739"
9958　世紀鋼,108/02/20,"2,576,272","181,032,164",70.10,70.90,70.00,70.10, 0.00,"1,611"
9958　世紀鋼,108/02/21,"4,560,093","326,099,203",71.80,72.70,70.40,71.00,+0.90,"2,906"
9958　世紀鋼,108/02/22,"2,465,360","172,418,900",71.00,71.40,68.70,70.10,-0.90,"1,616"
9958　世紀鋼,108/02/25,"1,524,000","107,255,097",70.60,71.00,69.90,70.40,+0.30,893
9958　世紀鋼,108/02/26,"1,336,759","93,453,320",70.60,70.90,69.20,69.20,-1.20,870
9958　世紀鋼,108/02/27,"1,361,500","93,852,700",69.80,69.80,68.00,69.40,+0.20,916
9958　世紀鋼,108/03/04,"2,429,279","170,567,938",69.50,71.40,68.80,69.10,-0.30,"1,560"
9958　世紀鋼,108/03/05,"1,289,233","89,022,253",69.50,69.60,68.60,68.90,-0.20,816
9958　世紀鋼,108/03/06,"857,350","59,156,424",69.10,69.60,68.80,68.80,-0.10,532
9958　世紀鋼,108/03/07,"2,006,425","136,279,800",69.00,69.60,67.00,67.30,-1.50,"1,315"
9958　世紀鋼,108/03/08,"2,436,974","166,317,906",67.10,69.40,66.80,69.40,+2.10,"1,485"
9958　世紀鋼,108/03/11,"1,665,228","115,780,597",69.50,70.50,69.00,69.00,-0.40,"1,100"
9958　世紀鋼,108/03/12,"1,439,449","100,526,524",69.70,70.50,69.10,69.10,+0.10,969
9958　世紀鋼,108/03/13,"976,506","67,744,514",69.70,70.10,68.70,69.00,-0.10,702
9958　世紀鋼,108/03/14,"1,518,095","105,066,345",69.80,70.30,68.20,68.20,-0.80,"1,011"
9958　世紀鋼,108/03/15,"1,580,622","108,954,193",68.70,69.60,68.20,69.00,+0.80,928
9958　世紀鋼,108/03/18,"1,149,595","80,030,492",70.00,70.20,69.30,69.40,+0.40,686
9958　世紀鋼,108/03/19,"6,889,639","492,209,022",70.00,73.10,69.30,72.50,+3.10,"4,184"
9958　世紀鋼,108/03/20,"13,080,548","987,372,928",73.50,76.90,73.00,75.80,+3.30,"8,518"
9958　世紀鋼,108/03/21,"7,892,391","602,617,287",76.50,78.50,74.20,74.20,-1.60,"5,038"
9958　世紀鋼,108/03/22,"5,863,950","445,352,602",75.50,77.50,74.30,76.30,+2.10,"3,794"
9958　世紀鋼,108/03/25,"3,182,693","237,248,527",74.70,75.50,74.00,74.00,-2.30,"2,102"
9958　世紀鋼,108/03/26,"1,889,004","140,864,493",74.80,75.50,73.80,73.80,-0.20,"1,211"
9958　世紀鋼,108/03/27,"1,922,650","141,276,218",74.40,74.50,72.70,72.80,-1.00,"1,138"
9958　世紀鋼,108/03/28,"2,334,685","167,654,506",72.80,72.80,71.10,71.40,-1.40,"1,345"
9958　世紀鋼,108/03/29,"3,580,356","261,974,910",71.90,74.20,71.50,74.00,+2.60,"2,280"
9958　世紀鋼,108/04/01,"3,135,362","229,572,408",74.50,74.70,71.70,71.70,-2.30,"1,881"
9958　世紀鋼,108/04/02,"1,841,442","133,036,924",72.30,72.80,71.80,72.00,+0.30,"1,121"
9958　世紀鋼,108/04/03,"2,981,065","219,457,682",74.00,74.40,72.70,73.70,+1.70,"1,833"
9958　世紀鋼,108/04/08,"3,325,351","248,020,833",73.80,75.90,73.00,74.10,+0.40,"2,087"
9958　世紀鋼,108/04/09,"1,776,443","131,345,557",74.20,74.70,73.30,73.60,-0.50,"1,147"
9958　世紀鋼,108/04/10,"1,145,548","84,640,821",73.40,74.50,73.30,74.50,+0.90,706
9958　世紀鋼,108/04/11,"3,611,963","271,516,655",74.80,75.90,74.00,74.00,-0.50,"2,238"
9958　世紀鋼,108/04/12,"3,102,562","224,813,349",74.30,74.50,71.10,71.90,-2.10,"1,992"
9958　世紀鋼,108/04/15,"1,291,626","93,194,429",72.50,72.70,71.60,72.50,+0.60,788
9958　世紀鋼,108/04/16,"1,388,357","99,975,780",72.50,72.90,71.50,71.90,-0.60,790
9958　世紀鋼,108/04/17,"3,408,053","239,243,167",72.20,72.30,69.00,69.40,-2.50,"2,212"
9958　世紀鋼,108/04/18,"6,053,012","412,207,440",70.10,70.60,65.80,70.00,+0.60,"3,842"
9958　世紀鋼,108/04/19,"1,862,502","128,604,482",70.40,70.40,68.20,68.20,-1.80,"1,195"
9958　世紀鋼,108/04/22,"1,883,301","131,807,294",70.40,71.00,68.90,68.90,+0.70,"1,155"
9958　世紀鋼,108/04/23,"2,401,180","166,567,934",69.00,71.00,68.20,68.20,-0.70,"1,453"
9958　世紀鋼,108/04/24,"2,199,079","151,906,499",68.50,70.00,68.20,68.40,+0.20,"1,468"
9958　世紀鋼,108/04/25,"6,214,051","409,942,256",68.40,69.00,64.40,64.60,-3.80,"3,791"
9958　世紀鋼,108/04/26,"3,225,505","203,566,419",64.10,64.10,62.10,62.40,-2.20,"2,071"
9958　世紀鋼,108/04/29,"1,949,207","121,658,169",62.90,63.50,61.70,62.00,-0.40,"1,297"
9958　世紀鋼,108/04/30,"2,131,588","130,536,160",62.20,62.20,60.60,60.90,-1.10,"1,406"
9958　世紀鋼,108/05/02,"4,128,251","260,634,959",64.40,64.50,62.10,62.40,+1.50,"2,763"
9958　世紀鋼,108/05/03,"3,354,652","212,643,225",63.30,64.00,62.80,63.50,+1.10,"2,016"
9958　世紀鋼,108/05/06,"1,804,250","114,365,424",62.80,64.10,62.10,63.60,+0.10,"1,185"
9958　世紀鋼,108/05/07,"1,497,200","95,750,277",64.00,64.50,63.50,63.70,+0.10,989
9958　世紀鋼,108/05/08,"2,590,150","164,752,724",63.30,64.70,62.40,62.70,-1.00,"1,681"
9958　世紀鋼,108/05/09,"1,654,740","103,429,150",63.10,63.50,61.20,62.00,-0.70,"1,146"
9958　世紀鋼,108/05/10,"1,859,150","114,152,500",62.10,62.60,60.40,60.80,-1.20,"1,343"
9958　世紀鋼,108/05/13,"2,429,137","145,104,749",61.00,61.50,59.00,59.00,-1.80,"1,587"
9958　世紀鋼,108/05/14,"2,741,300","160,569,000",57.80,60.40,56.30,60.40,+1.40,"1,743"
9958　世紀鋼,108/05/15,"2,459,743","151,699,609",61.00,62.60,60.60,62.60,+2.20,"1,536"
9958　世紀鋼,108/05/16,"1,803,320","111,095,160",62.60,63.00,60.00,60.00,-2.60,"1,231"
9958　世紀鋼,108/05/17,"1,404,050","84,866,842",61.10,61.50,59.20,60.80,+0.80,998
9958　世紀鋼,108/05/20,"7,804,016","504,889,044",62.00,66.20,61.80,64.40,+3.60,"5,288"
9958　世紀鋼,108/05/21,"3,639,000","232,749,800",64.40,64.90,63.10,63.10,-1.30,"2,357"
9958　世紀鋼,108/05/22,"1,793,123","113,463,449",63.40,64.30,62.40,62.40,-0.70,"1,196"
9958　世紀鋼,108/05/23,"1,922,080","121,222,507",62.40,63.70,61.80,63.10,+0.70,"1,353"
9958　世紀鋼,108/05/24,"1,436,106","90,618,701",64.00,64.10,62.30,62.30,-0.80,954
9958　世紀鋼,108/05/27,"934,091","58,147,378",62.90,62.90,61.70,62.20,-0.10,563
9958　世紀鋼,108/05/28,"876,350","54,472,268",62.70,62.70,61.90,62.20, 0.00,482
9958　世紀鋼,108/05/29,"1,545,620","96,325,925",62.60,63.00,61.80,62.10,-0.10,974
9958　世紀鋼,108/05/30,"840,420","52,248,817",62.10,62.70,61.90,62.00,-0.10,539
9958　世紀鋼,108/05/31,"7,393,889","480,910,139",63.10,66.00,63.00,65.40,+3.40,"4,823"
9958　世紀鋼,108/06/03,"3,857,066","252,911,448",65.50,66.60,64.00,64.10,-1.30,"2,635"
9958　世紀鋼,108/06/04,"3,870,531","254,623,146",64.10,66.60,64.10,66.00,+1.90,"2,667"
9958　世紀鋼,108/06/05,"11,217,042","768,066,898",67.00,69.80,66.40,68.60,+2.60,"7,373"
9958　世紀鋼,108/06/06,"5,194,018","356,008,642",68.70,69.70,67.50,68.70,+0.10,"3,372"
9958　世紀鋼,108/06/10,"4,252,430","297,196,438",70.10,70.70,69.10,70.10,+1.40,"2,684"
9958　世紀鋼,108/06/11,"2,340,588","163,209,145",70.50,70.70,69.20,69.30,-0.80,"1,657"
9958　世紀鋼,108/06/12,"6,540,615","465,551,309",70.30,72.40,70.00,70.00,+0.70,"4,383"
9958　世紀鋼,108/06/13,"3,681,500","257,668,499",69.30,71.30,69.00,69.60,-0.40,"2,568"
9958　世紀鋼,108/06/14,"1,726,980","120,444,100",70.30,70.50,69.40,69.60, 0.00,"1,131"
9958　世紀鋼,108/06/17,"986,137","68,971,975",69.70,70.40,69.70,69.70,+0.10,716
9958　世紀鋼,108/06/18,"1,150,500","80,284,049",70.30,70.50,69.30,69.30,-0.40,790
9958　世紀鋼,108/06/19,"2,118,706","148,076,842",69.80,70.40,69.30,69.90,+0.60,"1,186"
9958　世紀鋼,108/06/20,"1,315,729","92,413,430",70.70,70.80,69.90,69.90, 0.00,852
9958　世紀鋼,108/06/21,"8,972,610","606,769,052",70.70,70.70,66.50,66.90,-3.00,"5,227"
9958　世紀鋼,108/06/24,"4,429,692","291,830,416",66.80,67.00,65.00,66.10,-0.80,"2,737"
9958　世紀鋼,108/06/25,"1,697,443","112,878,258",66.40,67.00,65.90,66.20,+0.10,"1,064"
9958　世紀鋼,108/06/26,"814,928","54,154,109",66.30,66.80,66.00,66.40,+0.20,550
9958　世紀鋼,108/06/27,"1,291,001","85,072,762",66.80,66.80,65.50,65.50,-0.90,919
9958　世紀鋼,108/06/28,"1,269,286","82,580,160",65.50,65.60,64.70,64.90,-0.60,831
9958　世紀鋼,108/07/01,"962,616","62,860,840",65.70,66.00,65.00,65.10,+0.20,579
9958　世紀鋼,108/07/02,"1,796,730","119,565,710",65.50,67.00,65.40,67.00,+1.90,"1,093"
9958　世紀鋼,108/07/03,"1,310,000","87,940,200",67.30,67.30,66.50,67.10,+0.10,973
9958　世紀鋼,108/07/04,"3,285,047","225,999,543",67.60,69.50,67.60,69.00,+1.90,"2,118"
9958　世紀鋼,108/07/05,"2,015,350","139,342,084",69.00,69.80,68.50,69.20,+0.20,"1,201"
9958　世紀鋼,108/07/08,"1,029,305","70,955,404",69.30,69.40,68.50,69.00,-0.20,589
9958　世紀鋼,108/07/09,"5,192,440","366,878,451",69.40,71.40,69.40,70.50,+1.50,"3,050"
9958　世紀鋼,108/07/10,"1,671,573","117,358,280",70.50,70.90,69.80,70.30,-0.20,"1,115"
9958　世紀鋼,108/07/11,"1,424,708","100,427,015",70.70,71.00,69.80,69.80,-0.50,975
9958　世紀鋼,108/07/12,"866,994","60,524,678",70.10,70.40,69.50,69.60,-0.20,546
9958　世紀鋼,108/07/15,"1,057,522","73,227,873",70.00,70.00,68.80,69.30,-0.30,630
9958　世紀鋼,108/07/16,"10,949,202","795,295,848",69.30,74.60,69.30,74.00,+4.70,"6,515"
9958　世紀鋼,108/07/17,"25,951,966","2,020,297,148",75.80,80.10,75.50,78.10,+4.10,"16,233"
9958　世紀鋼,108/07/18,"15,160,797","1,197,095,001",78.20,80.90,76.70,76.80,-1.30,"9,872"
9958　世紀鋼,108/07/19,"7,907,150","621,417,069",78.50,79.70,77.10,79.20,+2.40,"4,877"
9958　世紀鋼,108/07/22,"6,504,054","517,128,366",80.70,81.20,78.30,78.80,-0.40,"3,758"
9958　世紀鋼,108/07/23,"4,679,988","369,883,656",79.10,80.10,77.40,79.00,+0.20,"2,919"
9958　世紀鋼,108/07/24,"6,451,261","517,407,469",79.70,81.20,79.30,79.80,+0.80,"3,787"
9958　世紀鋼,108/07/25,"3,658,174","292,975,848",79.40,80.90,79.40,79.80, 0.00,"2,229"
9958　世紀鋼,108/07/26,"10,307,178","840,880,019",80.50,82.30,80.10,81.60,+1.80,"5,856"
9958　世紀鋼,108/07/29,"5,758,285","465,623,300",82.10,82.20,79.80,79.90,-1.70,"3,225"
9958　世紀鋼,108/07/30,"8,912,057","688,508,932",80.50,80.80,75.80,75.80,-4.10,"4,881"
9958　世紀鋼,108/07/31,"3,489,293","267,107,789",76.30,77.10,75.60,76.60,+0.80,"2,095"
9958　世紀鋼,108/08/01,"3,626,815","276,573,240",76.50,77.50,75.20,75.40,-1.20,"2,290"
9958　世紀鋼,108/08/02,"5,266,541","385,470,523",75.40,75.50,72.20,73.40,-2.00,"3,013"
9958　世紀鋼,108/08/05,"2,179,378","159,742,244",72.50,74.30,72.50,72.90,-0.50,"1,418"
9958　世紀鋼,108/08/06,"2,236,087","160,265,159",71.00,72.80,70.70,72.60,-0.30,"1,478"
9958　世紀鋼,108/08/07,"1,820,872","132,971,756",73.90,74.00,72.10,72.10,-0.50,"1,173"
9958　世紀鋼,108/08/08,"1,837,380","135,154,908",72.90,74.50,72.50,74.30,+2.20,"1,189"
9958　世紀鋼,108/08/12,"1,654,448","123,467,173",74.90,75.40,73.60,74.30, 0.00,"1,073"
9958　世紀鋼,108/08/13,"1,134,397","83,926,072",74.30,74.70,73.40,73.40,-0.90,769
9958　世紀鋼,108/08/14,"1,408,060","103,373,441",74.20,74.40,72.60,72.60,-0.80,905
9958　世紀鋼,108/08/15,"1,487,073","106,195,599",70.70,72.10,70.70,71.40,-1.20,928
9958　世紀鋼,108/08/16,"1,518,919","110,912,043",72.20,74.20,71.70,73.50,+2.10,"1,063"
9958　世紀鋼,108/08/19,"1,282,278","94,273,221",74.00,74.30,72.90,72.90,-0.60,793
9958　世紀鋼,108/08/20,"1,406,041","101,935,280",73.60,73.70,72.00,72.10,-0.80,950
9958　世紀鋼,108/08/21,"1,222,573","88,962,885",72.20,73.20,72.20,73.00,+0.90,768
9958　世紀鋼,108/08/22,"3,202,799","230,152,767",73.00,73.50,71.20,71.30,-1.70,"1,976"
9958　世紀鋼,108/08/23,"3,153,659","225,034,448",71.40,72.40,70.00,71.50,+0.20,"1,960"
9958　世紀鋼,108/08/26,"1,114,790","79,124,185",70.50,71.70,70.20,71.30,-0.20,737
9958　世紀鋼,108/08/27,"3,283,677","231,014,090",71.50,72.00,69.70,70.00,-1.30,"2,013"
9958　世紀鋼,108/08/28,"3,400,599","235,081,932",70.10,70.60,68.00,68.00,-2.00,"2,408"
9958　世紀鋼,108/08/29,"2,342,254","161,436,150",68.40,69.80,68.00,69.10,+1.10,"1,541"
9958　世紀鋼,108/08/30,"1,163,641","80,857,519",69.50,69.90,69.20,69.30,+0.20,729
9958　世紀鋼,108/09/02,"1,980,239","139,540,039",69.40,71.60,68.70,71.60,+2.30,"1,292"
9958　世紀鋼,108/09/03,"7,286,971","542,309,554",71.70,75.80,71.30,74.10,+2.50,"4,498"
9958　世紀鋼,108/09/04,"4,513,058","338,013,638",75.00,75.40,74.40,74.90,+0.80,"2,868"
9958　世紀鋼,108/09/05,"2,186,201","162,830,753",75.50,75.70,74.00,74.20,-0.70,"1,352"
9958　世紀鋼,108/09/06,"4,089,759","308,854,378",74.40,76.40,74.10,76.00,+1.80,"2,485"
9958　世紀鋼,108/09/09,"2,587,195","196,150,025",76.40,76.90,75.10,75.20,-0.80,"1,549"
9958　世紀鋼,108/09/10,"2,981,410","223,752,404",75.70,76.20,74.10,74.80,-0.40,"1,544"
9958　世紀鋼,108/09/11,"4,732,834","361,336,449",75.60,77.20,75.00,76.60,+1.80,"2,729"
9958　世紀鋼,108/09/12,"3,440,051","265,598,899",77.00,77.80,76.60,76.80,+0.20,"1,949"
9958　世紀鋼,108/09/16,"7,830,143","618,818,879",78.00,80.60,77.10,77.50,+0.70,"4,687"
9958　世紀鋼,108/09/17,"3,050,500","237,190,800",78.90,78.90,77.10,77.30,-0.20,"1,820"
9958　世紀鋼,108/09/18,"5,940,537","464,879,118",77.90,79.30,77.50,77.70,X0.00,"3,311"
9958　世紀鋼,108/09/19,"4,011,923","308,696,223",78.40,78.40,76.20,76.30,-1.40,"2,561"
9958　世紀鋼,108/09/20,"1,742,684","132,881,305",76.60,77.00,75.80,75.80,-0.50,"1,218"
9958　世紀鋼,108/09/23,"1,530,090","116,145,620",75.80,76.50,75.40,75.80, 0.00,999
9958　世紀鋼,108/09/24,"4,139,948","319,445,816",75.80,78.20,75.60,77.00,+1.20,"2,564"
9958　世紀鋼,108/09/25,"1,560,688","119,802,591",76.50,77.30,76.30,76.80,-0.20,"1,102"
9958　世紀鋼,108/09/26,"3,547,150","270,866,125",77.10,77.60,75.10,75.30,-1.50,"2,289"
9958　世紀鋼,108/09/27,"2,978,926","221,446,930",75.60,75.80,73.50,73.90,-1.40,"1,767"
9958　世紀鋼,108/10/01,"1,823,660","136,516,230",74.30,75.70,73.50,75.30,+1.40,"1,187"
9958　世紀鋼,108/10/02,"2,489,800","189,175,099",75.10,77.00,74.70,75.30, 0.00,"1,561"
9958　世紀鋼,108/10/03,"2,225,300","167,211,089",75.30,76.20,74.50,74.60,-0.70,"1,382"
9958　世紀鋼,108/10/04,"1,394,300","104,313,277",75.00,75.40,74.50,74.50,-0.10,814
9958　世紀鋼,108/10/07,"1,019,306","76,676,756",75.40,75.70,74.60,75.10,+0.60,673
9958　世紀鋼,108/10/08,"4,955,600","380,531,477",75.30,77.60,75.30,76.20,+1.10,"2,952"
9958　世紀鋼,108/10/09,"5,147,728","396,510,867",76.60,77.60,76.20,77.40,+1.20,"2,955"
9958　世紀鋼,108/10/14,"6,149,154","480,964,632",78.60,79.50,77.40,77.60,+0.20,"3,597"
9958　世紀鋼,108/10/15,"4,185,104","321,346,304",78.00,78.50,75.40,76.00,-1.60,"2,619"
9958　世紀鋼,108/10/16,"2,224,582","169,221,321",76.20,77.00,75.30,75.30,-0.70,"1,399"
9958　世紀鋼,108/10/17,"2,032,896","152,923,668",75.30,75.90,74.70,75.20,-0.10,"1,278"
9958　世紀鋼,108/10/18,"1,421,046","107,010,446",75.70,75.80,74.90,75.10,-0.10,874
9958　世紀鋼,108/10/21,"1,325,441","98,875,951",75.40,75.40,74.30,74.40,-0.70,843
9958　世紀鋼,108/10/22,"1,135,089","85,058,038",74.60,75.40,74.40,74.70,+0.30,749
9958　世紀鋼,108/10/23,"2,724,879","201,393,181",74.70,74.80,73.50,73.50,-1.20,"1,687"
9958　世紀鋼,108/10/24,"1,554,535","114,901,590",73.60,74.70,73.00,73.80,+0.30,"1,066"
9958　世紀鋼,108/10/25,"4,645,699","337,078,975",73.60,74.60,71.30,71.50,-2.30,"2,762"
9958　世紀鋼,108/10/28,"1,622,301","116,684,291",71.70,72.40,71.30,72.00,+0.50,"1,053"
9958　世紀鋼,108/10/29,"2,897,456","206,727,992",72.70,72.70,70.20,70.50,-1.50,"1,850"
9958　世紀鋼,108/10/30,"4,398,950","316,724,858",70.60,73.20,70.10,72.40,+1.90,"2,895"
9958　世紀鋼,108/10/31,"2,021,171","144,892,476",71.90,72.70,71.00,71.30,-1.10,"1,371"
9958　世紀鋼,108/11/01,"2,355,530","170,160,926",70.90,73.20,70.50,72.80,+1.50,"1,619"
9958　世紀鋼,108/11/04,"2,577,561","188,080,453",73.30,73.70,71.90,73.10,+0.30,"1,646"
9958　世紀鋼,108/11/05,"11,436,426","871,344,050",74.50,77.50,74.50,75.00,+1.90,"7,146"
9958　世紀鋼,108/11/06,"7,179,766","547,593,616",76.20,77.20,75.20,75.20,+0.20,"4,304"
9958　世紀鋼,108/11/07,"4,543,534","345,647,218",76.40,76.80,75.20,76.30,+1.10,"2,901"
9958　世紀鋼,108/11/08,"3,349,471","255,833,615",77.50,77.60,75.50,75.60,-0.70,"2,011"
9958　世紀鋼,108/11/11,"3,283,454","243,451,359",76.10,76.20,72.60,73.00,-2.60,"2,003"
9958　世紀鋼,108/11/12,"3,703,577","277,578,657",74.70,75.60,74.20,74.60,+1.60,"2,278"
9958　世紀鋼,108/11/13,"1,569,212","116,984,994",74.60,75.20,74.10,74.20,-0.40,999
9958　世紀鋼,108/11/14,"3,159,600","231,395,700",74.70,74.80,72.40,72.50,-1.70,"1,978"
9958　世紀鋼,108/11/15,"2,105,406","154,102,138",73.70,74.00,72.70,72.80,+0.30,"1,380"
9958　世紀鋼,108/11/18,"1,653,700","119,594,379",73.50,73.50,71.90,72.10,-0.70,"1,110"
9958　世紀鋼,108/11/19,"804,644","58,122,289",72.50,72.50,72.00,72.30,+0.20,564
9958　世紀鋼,108/11/20,"950,051","68,372,372",72.40,72.50,71.70,71.70,-0.60,642
9958　世紀鋼,108/11/21,"1,367,366","98,734,152",71.60,73.00,71.60,71.90,+0.20,"1,000"
9958　世紀鋼,108/11/22,"988,461","71,192,042",72.00,72.50,71.80,71.80,-0.10,643
9958　世紀鋼,108/11/25,"928,582","67,377,308",72.10,73.00,72.10,72.70,+0.90,579
9958　世紀鋼,108/11/26,"2,403,928","177,111,343",73.00,74.40,73.00,73.80,+1.10,"1,439"
9958　世紀鋼,108/11/27,"980,596","71,929,746",74.00,74.10,73.10,73.10,-0.70,657
9958　世紀鋼,108/11/28,"1,043,268","75,726,703",73.10,73.30,72.20,72.20,-0.90,664
9958　世紀鋼,108/11/29,"1,663,873","119,294,118",72.40,72.40,71.30,71.40,-0.80,"1,082"
9958　世紀鋼,108/12/02,"1,921,229","135,541,188",71.30,71.60,70.10,70.60,-0.80,"1,267"
9958　世紀鋼,108/12/03,"1,361,515","97,268,320",70.30,72.10,70.30,71.50,+0.90,840
9958　世紀鋼,108/12/04,"741,940","52,757,225",71.30,71.40,70.80,71.20,-0.30,532
9958　世紀鋼,108/12/05,"601,411","42,963,019",71.50,71.80,71.20,71.20, 0.00,427
9958　世紀鋼,108/12/06,"566,418","40,339,178",71.40,71.70,70.90,71.00,-0.20,399
9958　世紀鋼,108/12/09,"716,413","50,794,079",71.40,71.40,70.70,70.70,-0.30,487
9958　世紀鋼,108/12/10,"2,119,290","152,351,021",70.80,72.50,70.70,71.80,+1.10,"1,287"
9958　世紀鋼,108/12/11,"1,181,900","84,588,770",72.00,72.40,71.10,71.20,-0.60,764
9958　世紀鋼,108/12/12,"922,319","65,923,006",71.10,71.90,71.10,71.30,+0.10,567
9958　世紀鋼,108/12/13,"2,741,994","198,427,732",71.20,73.10,71.10,72.10,+0.80,"1,606"
9958　世紀鋼,108/12/16,"1,328,328","96,041,516",72.50,72.70,71.90,72.00,-0.10,787
9958　世紀鋼,108/12/17,"923,301","66,590,132",72.50,72.60,71.60,72.00, 0.00,583
9958　世紀鋼,108/12/18,"2,661,384","193,844,705",72.50,73.30,71.90,73.20,+1.20,"1,520"
9958　世紀鋼,108/12/19,"1,398,107","102,189,975",73.50,73.60,72.60,72.70,-0.50,915
9958　世紀鋼,108/12/20,"1,812,862","132,837,396",73.00,73.90,72.40,73.20,+0.50,"1,102"
9958　世紀鋼,108/12/23,"6,891,820","517,393,130",73.80,76.00,73.50,75.80,+2.60,"4,204"
9958　世紀鋼,108/12/24,"5,657,684","428,161,167",77.50,77.50,74.50,75.00,-0.80,"3,412"
9958　世紀鋼,108/12/25,"4,644,009","340,306,157",74.20,74.70,72.50,72.60,-2.40,"2,942"
9958　世紀鋼,108/12/26,"1,990,115","144,233,811",72.70,73.20,72.00,72.10,-0.50,"1,252"
9958　世紀鋼,108/12/27,"1,596,945","115,490,794",72.50,72.90,72.00,72.10, 0.00,"1,008"
9958　世紀鋼,108/12/30,"2,105,523","153,386,211",72.60,73.50,72.30,72.30,+0.20,"1,398"
9958　世紀鋼,108/12/31,"1,088,200","78,620,000",72.10,72.60,72.10,72.20,-0.10,656
9958　世紀鋼,109/01/02,"1,452,130","105,947,190",72.60,73.50,72.30,72.60,+0.40,859
9958　世紀鋼,109/01/03,"2,415,430","174,070,960",72.60,73.40,71.40,71.40,-1.20,"1,384"
9958　世紀鋼,109/01/06,"1,085,821","77,290,535",71.50,71.60,71.00,71.10,-0.30,757
9958　世紀鋼,109/01/07,"2,442,150","172,117,210",71.20,71.50,70.00,70.30,-0.80,"1,538"
9958　世紀鋼,109/01/08,"3,854,680","264,766,931",70.30,70.30,67.80,68.00,-2.30,"2,336"
9958　世紀鋼,109/01/09,"2,724,204","187,803,380",68.40,69.80,68.40,68.50,+0.50,"1,738"
9958　世紀鋼,109/01/10,"5,123,766","358,952,491",70.00,70.70,69.40,70.10,+1.60,"2,849"
9958　世紀鋼,109/01/13,"10,154,731","751,036,563",76.00,76.00,72.50,72.50,+2.40,"5,907"
9958　世紀鋼,109/01/14,"2,943,739","213,416,847",72.50,73.20,72.00,72.30,-0.20,"1,723"
9958　世紀鋼,109/01/15,"1,702,631","122,240,532",72.50,72.50,71.30,71.30,-1.00,"1,063"
9958　世紀鋼,109/01/16,"1,789,487","129,022,702",71.30,72.80,71.30,72.60,+1.30,"1,200"
9958　世紀鋼,109/01/17,"1,130,499","81,336,676",72.70,72.90,71.60,71.80,-0.80,762
9958　世紀鋼,109/01/20,"1,084,650","78,031,100",71.90,72.60,71.80,71.80, 0.00,623
9958　世紀鋼,109/01/30,"3,906,800","265,202,619",68.50,70.50,66.70,66.90,-4.90,"2,057"
9958　世紀鋼,109/01/31,"2,153,801","146,359,527",67.90,68.80,67.10,68.60,+1.70,"1,327"
9958　世紀鋼,109/02/03,"2,216,207","144,506,072",66.50,66.90,63.00,66.90,-1.70,"1,348"
9958　世紀鋼,109/02/04,"1,363,185","92,370,957",67.00,68.60,67.00,67.80,+0.90,849
9958　世紀鋼,109/02/05,"1,793,700","122,774,710",68.00,69.30,67.90,68.10,+0.30,"1,162"
9958　世紀鋼,109/02/06,"2,529,834","175,103,762",68.80,70.00,68.70,68.90,+0.80,"1,602"
9958　世紀鋼,109/02/07,"1,589,250","108,003,099",68.40,68.50,67.40,67.40,-1.50,958
9958　世紀鋼,109/02/10,"1,293,200","86,430,560",66.50,67.80,66.00,67.80,+0.40,783
9958　世紀鋼,109/02/11,"2,196,300","151,408,890",68.60,69.50,68.50,68.50,+0.70,"1,365"
9958　世紀鋼,109/02/12,"1,373,413","94,628,497",69.00,69.40,68.70,68.70,+0.20,899
9958　世紀鋼,109/02/13,"1,398,101","96,734,619",68.90,69.70,68.70,68.70, 0.00,896
9958　世紀鋼,109/02/14,"1,617,827","112,258,790",69.10,69.70,68.80,69.50,+0.80,975
9958　世紀鋼,109/02/17,"4,824,918","346,121,396",69.60,72.60,69.60,72.30,+2.80,"3,066"
9958　世紀鋼,109/02/18,"3,124,576","226,715,155",72.30,73.40,71.80,71.80,-0.50,"2,049"
9958　世紀鋼,109/02/19,"2,724,566","198,163,608",72.90,73.30,71.90,72.30,+0.50,"1,676"
9958　世紀鋼,109/02/20,"1,390,357","100,692,881",72.70,72.80,72.00,72.60,+0.30,955
9958　世紀鋼,109/02/21,"2,423,745","176,790,960",73.00,73.30,72.50,73.10,+0.50,"1,495"
9958　世紀鋼,109/02/24,"2,440,544","178,651,364",73.50,73.70,72.60,73.20,+0.10,"1,601"
9958　世紀鋼,109/02/25,"2,637,612","193,177,518",72.70,73.60,72.20,73.40,+0.20,"1,647"
9958　世紀鋼,109/02/26,"14,537,071","1,103,495,349",72.90,77.50,72.80,77.00,+3.60,"8,486"
9958　世紀鋼,109/02/27,"16,137,065","1,246,310,014",78.40,79.60,73.00,73.60,-3.40,"10,420"
9958　世紀鋼,109/03/02,"14,262,330","1,098,669,094",74.00,79.10,72.90,79.00,+5.40,"8,577"
9958　世紀鋼,109/03/03,"9,747,731","767,515,382",80.20,80.70,77.30,78.10,-0.90,"5,622"
9958　世紀鋼,109/03/04,"4,973,935","382,233,237",79.00,79.00,75.90,75.90,-2.20,"2,951"
9958　世紀鋼,109/03/05,"4,582,833","354,738,856",76.90,78.40,75.90,77.50,+1.60,"2,832"
9958　世紀鋼,109/03/06,"10,698,513","844,747,269",78.30,79.80,77.60,78.70,+1.20,"6,547"
9958　世紀鋼,109/03/09,"16,167,628","1,292,963,657",79.50,81.40,78.10,78.60,-0.10,"10,151"
9958　世紀鋼,109/03/10,"13,738,391","1,109,412,853",79.50,83.30,78.20,83.30,+4.70,"8,540"
9958　世紀鋼,109/03/11,"16,200,204","1,352,015,432",83.30,84.80,81.50,83.00,-0.30,"10,167"
9958　世紀鋼,109/03/12,"13,464,218","1,089,916,658",83.50,83.50,78.30,81.00,-2.00,"8,197"
9958　世紀鋼,109/03/13,"30,593,011","2,497,387,814",76.00,85.00,76.00,84.40,+3.40,"19,428"
9958　世紀鋼,109/03/16,"22,599,304","1,937,038,392",85.50,87.70,83.60,83.60,-0.80,"14,344"
9958　世紀鋼,109/03/17,"23,843,397","1,950,765,715",84.80,85.80,78.00,78.60,-5.00,"15,220"
9958　世紀鋼,109/03/18,"10,816,881","868,126,524",81.00,81.80,78.50,79.50,+0.90,"6,743"
9958　世紀鋼,109/03/19,"17,601,435","1,310,996,740",79.50,80.30,71.60,71.60,-7.90,"10,226"
9958　世紀鋼,109/03/20,"14,473,674","1,080,816,602",74.00,77.30,72.20,73.00,+1.40,"9,585"
9958　世紀鋼,109/03/23,"6,713,869","476,112,751",70.90,73.00,68.00,72.50,-0.50,"4,448"
9958　世紀鋼,109/03/24,"5,353,908","400,641,594",74.80,75.80,73.70,74.60,+2.10,"3,544"
9958　世紀鋼,109/03/25,"6,277,015","479,647,924",76.80,77.60,75.20,75.30,+0.70,"4,170"
9958　世紀鋼,109/03/26,"5,126,803","388,888,865",77.10,77.30,75.00,75.80,+0.50,"3,379"
9958　世紀鋼,109/03/27,"5,680,468","432,580,315",76.50,77.30,75.20,75.60,-0.20,"3,590"
9958　世紀鋼,109/03/30,"3,646,016","271,567,280",75.00,75.70,73.80,74.10,-1.50,"2,351"
9958　世紀鋼,109/03/31,"8,492,189","650,410,377",74.60,77.70,74.40,77.70,+3.60,"5,390"
9958　世紀鋼,109/04/01,"7,059,841","552,980,528",77.70,79.20,77.00,78.90,+1.20,"4,802"
9958　世紀鋼,109/04/06,"7,368,162","592,220,538",80.00,81.80,78.60,81.80,+2.90,"4,910"
9958　世紀鋼,109/04/07,"7,439,069","618,359,709",82.60,84.70,82.00,83.00,+1.20,"4,695"
9958　世紀鋼,109/04/08,"4,378,072","364,727,448",83.30,84.50,82.20,84.30,+1.30,"2,907"
9958　世紀鋼,109/04/09,"5,565,290","463,548,313",85.20,85.20,81.10,81.30,-3.00,"3,708"
9958　世紀鋼,109/04/10,"6,780,256","566,242,021",81.50,84.50,81.40,84.50,+3.20,"4,578"
9958　世紀鋼,109/04/13,"7,379,685","615,026,203",84.40,85.80,81.60,82.00,-2.50,"4,757"
9958　世紀鋼,109/04/14,"2,877,650","237,224,419",82.80,83.20,81.80,82.20,+0.20,"1,842"
9958　世紀鋼,109/04/15,"3,151,883","259,539,389",83.00,83.10,81.80,82.80,+0.60,"1,873"
9958　世紀鋼,109/04/16,"3,210,502","266,658,982",82.70,84.30,81.90,83.70,+0.90,"2,145"
9958　世紀鋼,109/04/17,"4,606,306","382,678,724",84.50,84.70,81.80,81.80,-1.90,"3,026"
9958　世紀鋼,109/04/20,"3,127,761","254,015,341",81.80,82.50,80.00,81.90,+0.10,"2,080"
9958　世紀鋼,109/04/21,"4,523,461","372,309,281",81.90,84.10,80.50,80.90,-1.00,"3,189"
9958　世紀鋼,109/04/22,"2,242,542","181,171,579",80.40,81.60,79.60,81.50,+0.60,"1,619"
9958　世紀鋼,109/04/23,"3,288,600","266,027,279",82.00,82.40,80.00,80.50,-1.00,"2,501"
9958　世紀鋼,109/04/24,"3,652,089","289,439,544",80.00,80.70,78.50,78.60,-1.90,"2,612"
9958　世紀鋼,109/04/27,"2,484,902","197,077,460",79.00,80.00,78.60,80.00,+1.40,"1,666"
9958　世紀鋼,109/04/28,"4,199,043","342,590,843",80.50,82.50,80.10,82.50,+2.50,"2,788"
9958　世紀鋼,109/04/29,"2,415,819","198,496,120",82.70,83.10,81.50,81.80,-0.70,"1,602"
9958　世紀鋼,109/04/30,"5,273,109","439,162,128",82.70,84.20,81.90,83.80,+2.00,"3,474"
9958　世紀鋼,109/05/04,"6,798,233","571,275,339",83.50,85.40,82.90,83.00,-0.80,"4,398"
9958　世紀鋼,109/05/05,"29,077,816","2,594,398,178",84.00,91.30,83.60,91.30,+8.30,"14,671"
9958　世紀鋼,109/05/06,"26,221,533","2,409,952,499",93.00,94.80,88.50,88.50,-2.80,"16,726"
9958　世紀鋼,109/05/07,"8,175,857","732,456,730",89.40,90.70,87.60,90.00,+1.50,"5,537"
9958　世紀鋼,109/05/08,"4,751,205","426,974,564",91.00,91.10,89.10,89.60,-0.40,"3,166"
9958　世紀鋼,109/05/11,"5,174,342","459,627,592",90.00,90.10,87.90,88.10,-1.50,"3,376"
9958　世紀鋼,109/05/12,"6,086,736","538,214,720",88.50,90.40,87.00,87.40,-0.70,"4,172"
9958　世紀鋼,109/05/13,"6,492,279","562,431,345",87.40,88.70,85.70,85.90,-1.50,"4,507"
9958　世紀鋼,109/05/14,"8,691,511","749,869,335",85.30,88.30,84.10,84.20,-1.70,"5,840"
9958　世紀鋼,109/05/15,"6,110,860","513,032,170",85.50,86.20,81.10,83.20,-1.00,"3,975"
9958　世紀鋼,109/05/18,"7,602,727","657,561,996",84.00,87.90,83.50,87.70,+4.50,"5,153"
9958　世紀鋼,109/05/19,"7,526,030","659,417,821",89.20,89.50,86.00,86.50,-1.20,"4,804"
9958　世紀鋼,109/05/20,"6,601,850","568,203,050",87.60,88.00,84.60,84.60,-1.90,"4,407"
9958　世紀鋼,109/05/21,"3,204,832","274,239,452",85.30,86.40,84.60,85.60,+1.00,"2,243"
9958　世紀鋼,109/05/22,"3,920,600","335,986,300",85.40,87.20,84.30,84.30,-1.30,"2,810"
9958　世紀鋼,109/05/25,"3,271,669","278,406,534",84.80,86.50,83.10,86.50,+2.20,"2,291"
9958　世紀鋼,109/05/26,"3,750,343","325,502,268",87.00,87.80,85.70,86.40,-0.10,"2,428"
9958　世紀鋼,109/05/27,"6,351,259","556,145,208",87.50,88.50,86.10,87.50,+1.10,"4,249"
9958　世紀鋼,109/05/28,"24,477,280","2,235,226,807",87.90,93.80,87.50,91.80,+4.30,"15,779"
9958　世紀鋼,109/05/29,"18,694,664","1,720,320,260",94.00,95.00,89.30,89.50,-2.30,"11,915"
9958　世紀鋼,109/06/01,"7,333,608","661,744,883",90.10,91.80,88.20,91.20,+1.70,"4,726"
9958　世紀鋼,109/06/02,"6,115,544","547,554,785",91.20,91.40,88.60,88.90,-2.30,"4,073"
9958　世紀鋼,109/06/03,"4,077,722","361,801,438",89.60,89.90,88.00,88.40,-0.50,"2,883"
9958　世紀鋼,109/06/04,"3,453,296","306,985,471",88.70,89.60,88.40,88.70,+0.30,"2,114"
9958　世紀鋼,109/06/05,"4,531,643","409,114,359",89.00,91.40,89.00,91.40,+2.70,"2,961"
9958　世紀鋼,109/06/08,"8,352,546","774,561,314",93.80,93.90,91.60,92.90,+1.50,"4,975"
9958　世紀鋼,109/06/09,"4,229,778","389,816,076",92.60,93.40,91.20,91.70,-1.20,"2,746"
9958　世紀鋼,109/06/10,"7,507,804","690,630,264",92.90,93.90,89.40,91.00,-0.70,"4,618"
9958　世紀鋼,109/06/11,"9,005,970","799,174,459",89.60,90.70,87.40,87.40,-3.60,"5,358"
9958　世紀鋼,109/06/12,"3,784,650","328,529,050",85.80,88.00,85.00,87.00,-0.40,"2,569"
9958　世紀鋼,109/06/15,"3,484,284","302,818,108",87.60,88.30,86.00,86.10,-0.90,"2,314"
9958　世紀鋼,109/06/16,"2,849,169","247,983,751",87.50,87.90,86.70,86.90,+0.80,"1,774"
9958　世紀鋼,109/06/17,"2,654,865","231,544,939",87.30,88.30,86.30,86.90, 0.00,"1,943"
9958　世紀鋼,109/06/18,"2,437,923","214,275,924",88.00,88.70,87.20,87.70,+0.80,"1,717"
9958　世紀鋼,109/06/19,"2,436,234","212,457,658",88.00,88.40,86.80,86.80,-0.90,"1,767"
9958　世紀鋼,109/06/22,"1,501,023","130,789,303",86.60,87.70,86.40,87.10,+0.30,"1,008"
9958　世紀鋼,109/06/23,"2,206,580","190,710,686",87.80,87.80,85.90,86.00,-1.10,"1,567"
9958　世紀鋼,109/06/24,"1,454,860","125,765,344",86.70,87.10,86.10,86.10,+0.10,"1,052"
9958　世紀鋼,109/06/29,"3,333,859","285,114,056",85.90,86.90,84.80,85.00,-1.10,"2,179"
9958　世紀鋼,109/06/30,"4,293,237","360,610,552",85.70,85.70,83.30,83.80,-1.20,"2,977"
9958　世紀鋼,109/07/01,"2,854,945","240,869,180",84.10,85.80,83.30,85.40,+1.60,"1,945"
9958　世紀鋼,109/07/02,"2,380,254","202,297,490",85.80,85.90,84.60,84.70,-0.70,"1,631"
9958　世紀鋼,109/07/03,"1,822,759","154,887,962",85.30,85.50,84.60,84.80,+0.10,"1,188"
9958　世紀鋼,109/07/06,"1,940,452","164,933,707",85.10,85.40,84.70,85.00,+0.20,"1,241"
9958　世紀鋼,109/07/07,"7,007,464","579,576,492",85.10,85.40,80.80,81.50,-3.50,"4,370"
9958　世紀鋼,109/07/08,"5,433,496","444,953,113",81.50,83.40,80.50,82.50,+1.00,"3,066"
9958　世紀鋼,109/07/09,"6,260,120","528,214,949",83.50,85.50,83.20,83.70,+1.20,"3,695"
9958　世紀鋼,109/07/10,"15,912,762","1,375,775,298",86.00,88.30,83.60,85.20,+1.50,"9,638"
9958　世紀鋼,109/07/13,"5,646,518","482,130,531",86.70,86.80,84.50,84.50,-0.70,"3,599"
9958　世紀鋼,109/07/14,"2,687,360","226,323,912",84.00,85.40,83.70,83.70,-0.80,"1,813"
9958　世紀鋼,109/07/15,"19,245,096","1,685,976,292",84.30,90.10,84.00,85.50,+1.80,"11,422"
9958　世紀鋼,109/07/16,"8,877,672","775,344,265",86.70,88.10,86.10,88.00,+2.50,"5,901"
9958　世紀鋼,109/07/17,"8,596,537","756,388,247",88.90,89.40,86.10,86.60,-1.40,"5,868"
9958　世紀鋼,109/07/20,"4,903,084","429,767,590",87.40,88.70,85.70,87.90,+1.30,"3,135"
9958　世紀鋼,109/07/21,"7,560,714","672,353,280",89.00,89.60,88.10,89.10,+1.20,"5,012"
9958　世紀鋼,109/07/22,"12,841,975","1,158,692,579",89.60,92.50,88.40,88.40,-0.70,"8,199"
9958　世紀鋼,109/07/23,"5,008,884","446,282,599",89.10,89.90,88.00,89.60,+1.20,"3,358"
9958　世紀鋼,109/07/24,"5,861,583","521,724,904",89.70,90.80,87.70,87.70,-1.90,"3,675"
9958　世紀鋼,109/07/27,"4,919,606","439,459,507",88.60,90.50,88.40,89.30,+1.60,"3,028"
9958　世紀鋼,109/07/28,"4,044,121","358,384,407",90.00,90.20,87.00,87.60,-1.70,"2,678"
9958　世紀鋼,109/07/29,"22,342,677","2,056,267,861",88.40,95.30,88.10,92.80,+5.20,"12,781"
9958　世紀鋼,109/07/30,"27,194,290","2,569,864,860",93.00,96.90,91.50,93.50,+0.70,"16,942"
9958　世紀鋼,109/07/31,"7,157,551","663,604,813",93.30,94.50,91.80,92.20,-1.30,"4,747"
9958　世紀鋼,109/08/03,"4,677,762","434,063,266",93.40,93.60,92.20,93.00,+0.80,"3,255"
9958　世紀鋼,109/08/04,"12,233,819","1,160,425,720",94.10,96.90,93.20,94.00,+1.00,"7,694"
9958　世紀鋼,109/08/05,"3,832,820","359,185,380",94.40,94.60,93.10,93.60,-0.40,"2,549"
9958　世紀鋼,109/08/06,"5,345,880","504,627,537",94.50,95.90,93.50,93.70,+0.10,"3,473"
9958　世紀鋼,109/08/07,"26,551,813","2,591,651,488",95.90,100.00,95.10,100.00,+6.30,"16,467"
9958　世紀鋼,109/08/10,"26,239,349","2,628,742,866",99.90,104.00,98.00,98.40,-1.60,"16,452"
9958　世紀鋼,109/08/11,"13,484,552","1,347,965,027",99.90,102.00,98.00,99.10,+0.70,"8,492"
9958　世紀鋼,109/08/12,"6,765,464","669,750,640",101.00,101.00,98.10,98.20,-0.90,"4,559"
9958　世紀鋼,109/08/13,"10,482,135","1,028,082,942",99.40,101.00,95.30,99.40,+1.20,"6,758"
9958　世紀鋼,109/08/14,"8,058,301","803,494,799",100.00,102.00,98.50,98.50,-0.90,"5,314"
9958　世紀鋼,109/08/17,"5,888,242","588,599,242",99.20,101.00,98.50,101.00,+2.50,"3,609"
9958　世紀鋼,109/08/18,"29,524,000","3,142,809,500",100.50,111.00,100.50,105.00,+4.00,"17,655"
