ID,sid,季度,股本(億),財報評分,季度股價(元)收盤,季度股價(元)平均,季度股價(元)漲跌,季度股價(元)漲跌(%),獲利金額(億)營業收入,獲利金額(億)營業毛利,獲利金額(億)營業利益,獲利金額(億)業外損益,獲利金額(億)稅後淨利,獲利率(%)營業毛利,獲利率(%)營業利益,獲利率(%)業外損益,獲利率(%)稅後淨利,單季ROE(%),年估ROE(%),單季ROA(%),年估ROA(%),EPS(元)稅後EPS,EPS(元)年增(元),BPS(元)
0,1301,2021Q1,-,-,90.5,93.3,-5.9,-6.1,-,-,-,-,-,-,-,-,-,-,-,-,-,-,-,-
1,1301,2020Q4,-,-,96.4,85.9,+17.8,+22.6,-,-,-,-,-,-,-,-,-,-,-,-,-,-,-,-
2,1301,2020Q3,637,51,78.6,80.1,-9,-10.3,462,64.2,33.6,78.2,104,13.9,7.27,16.9,22.4,3.55,14.2,2.27,9.1,1.63,-0.83,45.97
3,1301,2020Q2,637,36,87.6,84.5,+12.5,+16.6,430,52.8,24.2,-25.3,-6.31,12.3,5.63,-5.88,-1.47,-0.21,-0.84,-0.14,-0.54,-0.1,-1.73,45.6
4,1301,2020Q1,637,32,75.1,89.7,-24.7,-24.7,420,53,24.9,-23.6,-3.94,12.6,5.93,-5.62,-0.94,-0.12,-0.48,-0.08,-0.33,-0.06,-1.34,48.89
5,1301,2019Q4,637,45,99.8,97.3,+5.3,+5.6,486,55.9,25.4,10.6,31.5,11.5,5.24,2.19,6.49,0.9,3.6,0.64,2.55,0.49,+0.12,54.85
6,1301,2019Q3,637,62,94.5,97.8,-20,-17.5,497,77.5,47.7,119,157,15.6,9.6,24,31.5,4.51,18,3.1,12.4,2.46,-0.4,55.08
7,1301,2019Q2,637,51,114.5,110,+5,+4.6,566,106,76.1,49.6,104,18.8,13.5,8.76,18.3,2.88,11.5,2.01,8.03,1.63,-1.06,54.14
8,1301,2019Q1,637,49,109.5,103,+8.5,+8.4,530,81.5,52.7,40.7,81.4,15.4,9.94,7.67,15.4,2.23,8.93,1.6,6.41,1.28,-0.59,58.73
9,1301,2018Q4,637,43,101,102,-16,-13.7,564,80,47,-16.2,23.3,14.2,8.35,-2.87,4.14,0.64,2.58,0.46,1.83,0.37,-1.65,55.86
10,1301,2018Q3,637,62,117,111,+4.5,+4,574,84.4,54,144,182,14.7,9.41,25.1,31.7,4.94,19.7,3.43,13.7,2.86,+0.2,57.79
11,1301,2018Q2,637,57,112.5,108,+8.5,+8.2,625,115,85.6,119,172,18.4,13.7,19.1,27.5,4.58,18.3,3.25,13,2.69,+1.16,57.94
12,1301,2018Q1,637,55,104,102,+5.3,+5.4,542,93.5,66.7,70.5,119,17.3,12.3,13,21.9,3.28,13.1,2.4,9.61,1.87,+0.32,59.62
13,1301,2017Q4,637,57,98.7,93.2,+6.9,+7.5,531,84.6,53.1,91.7,129,15.9,10,17.3,24.2,3.78,15.1,2.72,10.9,2.02,+0.13,54.2
14,1301,2017Q3,637,66,91.8,93,-0.9,-1,535,86.3,56,124,169,16.1,10.5,23.2,31.7,5.28,21.1,3.64,14.6,2.66,+0.87,52.73
15,1301,2017Q2,637,53,92.7,90.7,+2.2,+2.4,524,83.3,55.4,61.2,97.1,15.9,10.6,11.7,18.5,3.12,12.5,2.11,8.43,1.53,-0.07,47.9
16,1301,2017Q1,637,53,90.5,91,+1.3,+1.5,478,80.6,54.9,52.7,98.9,16.9,11.5,11,20.7,3.14,12.6,2.16,8.65,1.55,+0.65,49.83
17,1301,2016Q4,637,55,89.2,86,+11.4,+14.7,504,86.7,54.7,79.1,121,17.2,10.8,15.7,23.9,4.03,16.1,2.75,11,1.89,+0.97,49.18
18,1301,2016Q3,637,57,77.8,78.7,0,0,421,45.7,17.1,104,114,10.8,4.05,24.7,27,4.06,16.2,2.66,10.7,1.79,+0.14,44.91
19,1301,2016Q2,637,51,77.8,78.6,-2,-2.5,448,56.1,29.6,86.9,102,12.5,6.62,19.4,22.8,3.58,14.3,2.35,9.38,1.6,-0.11,43.35
20,1301,2016Q1,637,49,79.8,77.1,+2.8,+3.6,428,54.5,28.8,37.7,57.1,12.7,6.73,8.82,13.4,1.96,7.84,1.33,5.3,0.9,+0.33,46.38
21,1301,2015Q4,637,47,77,74.7,+7.6,+11,458,47.6,14,52.7,58.4,10.4,3.05,11.5,12.7,2.09,8.35,1.38,5.53,0.92,+1,45.15
22,1301,2015Q3,637,53,69.4,69.6,-3.2,-4.4,470,54.3,27.7,89.7,105,11.6,5.9,19.1,22.4,3.81,15.2,2.47,9.86,1.65,+0.47,42.78
23,1301,2015Q2,637,53,72.6,76.2,-3.3,-4.3,510,60.6,33.9,88.3,109,11.9,6.65,17.3,21.3,3.8,15.2,2.5,10,1.71,+1.12,44.08
24,1301,2015Q1,637,43,75.9,75.3,+3.6,+5,477,55.7,29.4,15.1,36.4,11.7,6.16,3.17,7.64,1.26,5.05,0.84,3.36,0.57,-0.56,45.82
25,1301,2014Q4,637,32,72.3,69.4,+0.2,+0.3,502,44.6,15.9,-19.3,-5.31,8.88,3.17,-3.84,-1.06,-0.19,-0.76,-0.12,-0.5,-0.08,-0.96,44.91
26,1301,2014Q3,637,45,72.1,76.4,-7.7,-9.6,553,41.5,13.8,66.5,74.9,7.5,2.5,12,13.5,2.71,10.8,1.73,6.93,1.18,+0.16,43.12
27,1301,2014Q2,637,40,79.8,77.5,+3.6,+4.7,590,41.6,14.5,33.2,37.4,7.05,2.46,5.62,6.33,1.38,5.5,0.88,3.53,0.59,+0.1,43.89
28,1301,2014Q1,637,45,76.2,76.7,-4.3,-5.3,520,37.8,10.9,68.8,71.8,7.27,2.1,13.2,13.8,2.73,10.9,1.75,7.01,1.13,+0.23,41.59
29,1301,2013Q4,637,45,80.5,77.8,+4.2,+5.5,559,46.2,19,44.8,56.3,8.26,3.41,8.01,10.1,2.19,8.77,1.4,5.59,0.88,+0.4,41.23
30,1301,2013Q3,637,47,76.3,74.8,+3.8,+5.2,531,36.9,8.59,61.1,64.8,6.94,1.62,11.5,12.2,2.58,10.3,1.63,6.52,1.02,-0.26,39.47
31,1301,2013Q2,612,40,72.5,70.6,+0.6,+0.8,563,42.5,12.8,28.9,31,7.56,2.27,5.14,5.51,1.28,5.11,0.8,3.21,0.49,+0.68,40.95
32,1301,2013Q1,612,43,71.9,77,-6.7,-8.5,500,31,5.39,51.1,55,6.19,1.08,10.2,11,2.39,9.56,1.49,5.98,0.9,+0.1,38.44
33,1301,2012Q4,612,38,78.6,76.9,-5.2,-6.2,491,31.7,8.56,22.2,29.3,6.46,1.74,4.51,5.96,1.31,5.24,0.83,3.31,0.48,+0.35,37.02
34,1301,2012Q3,612,45,83.8,81.7,+4,+5,481,30.3,6.12,74.6,81.5,6.3,1.27,15.5,17,3.75,15,2.35,9.42,1.28,-0.15,36.51
35,1301,2012Q2,612,30,79.8,80.2,-7.1,-8.2,465,41.7,17.7,-14.3,-11.4,8.98,3.81,-3.09,-2.46,-0.49,-1.97,-0.32,-1.29,-0.19,-1.99,35.05
36,1301,2012Q1,612,40,86.9,87.2,+6.1,+7.5,532,49.4,22.7,32.4,48.9,9.28,4.27,6.09,9.18,1.98,7.92,1.37,5.46,0.8,-1.67,41.56
37,1301,2011Q4,612,36,80.8,84.4,-0.9,-1.1,474,44.1,16.3,-,8.24,9.32,3.45,-,1.74,0.34,1.35,0.23,0.93,0.13,-1.89,39.42
38,1301,2011Q3,612,51,81.7,93.2,-21.8,-21.1,518,82.2,57.8,-,87.5,15.9,11.2,-,16.9,3.52,14.1,2.35,9.41,1.43,-0.72,40.5
39,1301,2011Q2,612,49,103.5,109,0,0,571,105,81.2,-,110,18.5,14.2,-,19.3,4.08,16.3,2.84,11.4,1.8,-0.13,40.77
40,1301,2011Q1,612,60,103.5,97.9,+6,+6.2,607,123,98.7,-,151,20.2,16.3,-,24.9,5.48,21.9,4.06,16.2,2.47,+1.13,47.56
41,1301,2010Q4,612,62,97.5,89.6,+20.8,+27.1,571,120,92.2,48.6,124,20.9,16.1,8.51,21.7,4.92,19.7,3.6,14.4,2.02,+0.76,42.62
42,1301,2010Q3,612,66,76.7,70.9,+8.7,+12.8,577,110,85.4,62.3,132,19.1,14.8,10.8,22.9,5.74,23,3.91,15.6,2.15,+0.65,39.65
43,1301,2010Q2,612,57,68,67.5,-2,-2.9,595,108,84.1,52,118,18.2,14.1,8.73,19.8,5.17,20.7,3.45,13.8,1.93,+0.67,35.32
44,1301,2010Q1,612,51,70,68.7,+2.7,+4,510,72,49.9,41.6,81.9,14.1,9.77,8.15,16.1,3.52,14.1,2.43,9.74,1.34,+0.83,39.15
45,1301,2009Q4,612,49,67.3,65.6,+1.8,+2.7,512,65.3,39.4,37.8,77.1,12.7,7.7,7.38,15,3.54,14.2,2.39,9.54,1.26,+3.82,36.81
46,1301,2009Q3,612,51,65.5,59.7,+7,+12,481,60.2,37.1,59.9,91.9,12.5,7.73,12.5,19.1,4.61,18.4,2.96,11.8,1.5,-0.96,34.34
47,1301,2009Q2,572,53,58.5,59.2,+7.4,+14.5,450,67.7,45.3,45.6,77.2,15,10.1,10.1,17.1,4.1,16.4,2.57,10.3,1.26,-1.06,33.03
48,1301,2009Q1,572,40,51.1,49.1,+7.5,+17.2,358,35.2,15.6,15.7,29.2,9.83,4.35,4.38,8.14,1.59,6.35,0.99,3.95,0.51,-0.71,32.74
49,1301,2008Q4,572,23,43.6,50.1,-7.5,-14.7,332,-61,-80.9,-100,-146,-18.4,-24.4,-30.1,-44,-7.54,-30.1,-4.63,-18.5,-2.56,-4.49,31.5
50,1301,2008Q3,572,62,51.1,62,-22.1,-30.2,545,55.8,33.4,118,141,10.2,6.14,21.7,25.8,6.79,27.1,4.07,16.3,2.46,-1.05,36.24
51,1301,2008Q2,572,53,73.2,86.2,-18.7,-20.3,603,76.7,50.2,80.2,133,12.7,8.32,13.3,22,5.86,23.5,3.74,15,2.32,+0.69,36.25
52,1301,2008Q1,572,51,91.9,89.6,+0.8,+0.9,521,69.4,45.9,34.5,69.6,13.3,8.79,6.62,13.3,2.81,11.2,1.94,7.76,1.22,-,42.94
53,1301,2007Q4,572,64,91.1,92.9,+0.2,+0.2,1936,279,186,321,478,14.4,9.6,16.6,24.7,19.2,76.7,13.2,52.7,1.93,+0.69,43.58
54,1301,2007Q3,572,53,90.9,81.7,+7.5,+9,545,55.3,32.9,119,141,10.1,6.04,21.8,25.8,-,-,-,-,3.51,-,41.21
55,1301,2007Q2,572,53,83.4,69.4,+20.6,+32.8,892,126,83.7,111,167,14.1,9.38,12.5,18.7,8.17,32.7,4.88,19.5,1.63,+0.28,35.71
56,1301,2007Q1,-,-,62.8,56.9,+8.7,+16.1,-,-,-,-,-,-,-,-,-,-,-,-,-,-,-,-
57,1301,2006Q4,572,56,54.1,50.6,+6.85,+14.5,-,-,-,-,70.9,-,-,-,-,3.68,14.7,2.32,9.28,1.24,+0.57,33.66
58,1301,2006Q3,-,-,47.25,45.4,-1.85,-3.8,-,-,-,-,-,-,-,-,-,-,-,-,-,-,-,-
59,1301,2006Q2,555,56,49.1,49.6,-1.5,-3,-,-,-,-,77.5,-,-,-,-,4.71,18.8,2.7,10.8,1.35,+0.32,29.65
60,1301,2006Q1,-,-,50.6,51.2,+0.1,+0.2,-,-,-,-,-,-,-,-,-,-,-,-,-,-,-,-
61,1301,2005Q4,555,52,50.5,50.1,+1.9,+3.9,-,-,-,-,37.3,-,-,-,-,2.48,9.91,1.52,6.08,0.67,-1.56,27.09
62,1301,2005Q3,-,-,48.6,49.7,-3.2,-6.2,-,-,-,-,-,-,-,-,-,-,-,-,-,-,-,-
63,1301,2005Q2,555,52,51.8,53.5,-4.7,-8.3,-,-,-,-,57.5,-,-,-,-,4.29,17.2,2.41,9.63,1.03,-,24.11
64,1301,2005Q1,-,-,56.5,56.5,+2,+3.7,-,-,-,-,-,-,-,-,-,-,-,-,-,-,-,-
65,1301,2004Q4,510,70,54.5,52.7,+1.5,+2.8,-,-,-,-,114,-,-,-,-,8.39,33.6,5.13,20.5,2.23,+1.07,26.56
66,1301,2004Q3,-,-,53,49.4,+5.5,+11.6,-,-,-,-,-,-,-,-,-,-,-,-,-,-,-,-
67,1301,2004Q2,-,-,47.5,48.8,-5,-9.5,-,-,-,-,-,-,-,-,-,-,-,-,-,-,-,-
68,1301,2004Q1,-,-,52.5,54.8,-3.5,-6.2,-,-,-,-,-,-,-,-,-,-,-,-,-,-,-,-
69,1301,2003Q4,481,59,56,52.4,+7.4,+15.2,-,-,-,-,56,-,-,-,-,5.19,20.7,2.93,11.7,1.16,+0.59,22.45
70,1301,2003Q3,-,-,48.6,48.2,+3.1,+6.8,-,-,-,-,-,-,-,-,-,-,-,-,-,-,-,-
71,1301,2003Q2,-,-,48.2,45.9,+3,+6.6,-,-,-,-,-,-,-,-,-,-,-,-,-,-,-,-
72,1301,2003Q1,-,-,45.2,45.5,-0.4,-0.9,-,-,-,-,-,-,-,-,-,-,-,-,-,-,-,-
73,1301,2002Q4,453,48,45.6,40.9,+12.3,+36.9,-,-,-,-,25.8,-,-,-,-,2.67,10.7,1.44,5.76,0.57,+0.75,21.37
74,1301,2002Q3,-,-,33.3,40.8,-6.8,-17,-,-,-,-,-,-,-,-,-,-,-,-,-,-,-,-
75,1301,2002Q2,-,-,40.1,42.5,-2.4,-5.6,-,-,-,-,-,-,-,-,-,-,-,-,-,-,-,-
76,1301,2002Q1,-,-,42.5,40.9,+10.4,+32.4,-,-,-,-,-,-,-,-,-,-,-,-,-,-,-,-
77,1301,2001Q4,424,33,32.1,30.2,+3.6,+12.6,-,-,-,-,-7.65,-,-,-,-,-0.85,-3.4,-0.45,-1.79,-0.18,-0.53,21.24
78,1301,2001Q3,-,-,28.5,32,-10.8,-27.5,-,-,-,-,-,-,-,-,-,-,-,-,-,-,-,-
79,1301,2001Q2,-,-,39.3,40.4,-5.5,-12.3,-,-,-,-,-,-,-,-,-,-,-,-,-,-,-,-
80,1301,2001Q1,-,-,44.8,47.7,-1.5,-3.2,-,-,-,-,-,-,-,-,-,-,-,-,-,-,-,-
81,1301,2000Q4,385,41,46.3,49.8,-1.5,-3.1,-,-,-,-,13.7,-,-,-,-,1.57,6.3,0.81,3.22,0.35,-0.51,22.53
82,1301,2000Q3,-,-,47.8,54.7,-10.2,-17.6,-,-,-,-,-,-,-,-,-,-,-,-,-,-,-,-
83,1301,2000Q2,-,-,58,63.9,-10.5,-15.3,-,-,-,-,-,-,-,-,-,-,-,-,-,-,-,-
84,1301,2000Q1,-,-,68.5,67.9,+6,+9.6,-,-,-,-,-,-,-,-,-,-,-,-,-,-,-,-
85,1301,1999Q4,353,48,62.5,61.9,+1,+1.6,-,-,-,-,29.9,-,-,-,-,3.9,15.6,2.02,8.06,0.86,+0.38,21.74
86,1301,1999Q3,-,-,61.5,59.5,-6.5,-9.6,-,-,-,-,-,-,-,-,-,-,-,-,-,-,-,-
87,1301,1999Q2,-,-,68,59.5,+13.5,+24.8,-,-,-,-,-,-,-,-,-,-,-,-,-,-,-,-
88,1301,1999Q1,-,-,54.5,46.9,+7.7,+16.5,-,-,-,-,-,-,-,-,-,-,-,-,-,-,-,-
89,1301,1998Q4,283,48,46.8,49.8,+2.7,+6.1,-,-,-,-,14,-,-,-,-,2.29,9.18,1.32,5.27,0.48,0,21.5
90,1301,1998Q3,-,-,44.1,43.5,-2.9,-6.2,-,-,-,-,-,-,-,-,-,-,-,-,-,-,-,-
91,1301,1998Q2,-,-,47,55.7,-14.5,-23.6,-,-,-,-,-,-,-,-,-,-,-,-,-,-,-,-
92,1301,1998Q1,-,-,61.5,64.8,-2,-3.1,-,-,-,-,-,-,-,-,-,-,-,-,-,-,-,-
93,1301,1997Q4,248,44,63.5,55.3,+5.5,+9.5,-,-,-,-,11.9,-,-,-,-,2.68,10.7,1.26,5.05,0.48,-0.03,17.88
94,1301,1997Q3,-,-,58,63.6,-9,-13.4,-,-,-,-,-,-,-,-,-,-,-,-,-,-,-,-
95,1301,1997Q2,-,-,67,69.6,-2.5,-3.6,-,-,-,-,-,-,-,-,-,-,-,-,-,-,-,-
96,1301,1997Q1,-,-,69.5,71.4,+0.5,+0.7,-,-,-,-,-,-,-,-,-,-,-,-,-,-,-,-
97,1301,1996Q4,228,48,69,64.5,+8,+13.1,-,-,-,-,11.5,-,-,-,-,2.88,11.5,1.65,6.6,0.51,+0.41,17.58
98,1301,1996Q3,-,-,61,58.5,-3.54,-5.5,-,-,-,-,-,-,-,-,-,-,-,-,-,-,-,-
99,1301,1996Q2,-,-,71,48.5,+27,+61.4,-,-,-,-,-,-,-,-,-,-,-,-,-,-,-,-
100,1301,1996Q1,-,-,44,40.2,+3.1,+7.6,-,-,-,-,-,-,-,-,-,-,-,-,-,-,-,-
101,1301,1995Q4,207,48,40.9,39.8,-2.8,-6.4,-,-,-,-,2,-,-,-,-,0.55,2.21,0.32,1.3,0.1,-2.56,17.52
102,1301,1995Q3,-,-,43.7,44.3,-3.7,-7.8,-,-,-,-,-,-,-,-,-,-,-,-,-,-,-,-
103,1301,1995Q2,-,-,47.4,50.6,-6.6,-12.2,-,-,-,-,-,-,-,-,-,-,-,-,-,-,-,-
104,1301,1995Q1,-,-,54,52.6,-2.5,-4.4,-,-,-,-,-,-,-,-,-,-,-,-,-,-,-,-
105,1301,1994Q4,187,81,56.5,54.2,-2.5,-4.2,-,-,-,-,55,-,-,-,-,16.9,67.6,10.7,42.6,2.66,-,17.46
106,1301,1994Q3,-,-,59,62,-2.5,-4.1,-,-,-,-,-,-,-,-,-,-,-,-,-,-,-,-
107,1301,1994Q2,-,-,61.5,59.2,+12,+24.2,-,-,-,-,-,-,-,-,-,-,-,-,-,-,-,-
108,1301,1994Q1,-,-,49.5,51.6,-8,-13.9,-,-,-,-,-,-,-,-,-,-,-,-,-,-,-,-
109,1301,1993Q4,-,-,57.5,42.2,+21.8,+61.1,-,-,-,-,-,-,-,-,-,-,-,-,-,-,-,-
110,1301,1993Q3,-,-,35.7,38.3,-5,-12.3,-,-,-,-,-,-,-,-,-,-,-,-,-,-,-,-
111,1301,1993Q2,-,-,40.7,41.6,-4.5,-10,-,-,-,-,-,-,-,-,-,-,-,-,-,-,-,-
112,1301,1993Q1,-,-,45.2,37.9,+12.5,+38.2,-,-,-,-,-,-,-,-,-,-,-,-,-,-,-,-
113,1301,1992Q4,-,-,32.7,35,-3.2,-8.9,-,-,-,-,-,-,-,-,-,-,-,-,-,-,-,-
114,1301,1992Q3,-,-,35.9,36.1,-3.39,-8.6,-,-,-,-,-,-,-,-,-,-,-,-,-,-,-,-
115,1301,1992Q2,-,-,39.29,41.5,-4.31,-9.9,-,-,-,-,-,-,-,-,-,-,-,-,-,-,-,-
116,1301,1992Q1,-,-,43.6,44.3,+0.6,+1.4,-,-,-,-,-,-,-,-,-,-,-,-,-,-,-,-
117,1301,1991Q4,-,-,43,43.8,-4.2,-8.9,-,-,-,-,-,-,-,-,-,-,-,-,-,-,-,-
118,1301,1991Q3,-,-,47.2,50.3,-11.3,-19.3,-,-,-,-,-,-,-,-,-,-,-,-,-,-,-,-
119,1301,1991Q2,-,-,58.5,58.7,+5,+9.3,-,-,-,-,-,-,-,-,-,-,-,-,-,-,-,-
120,1301,1991Q1,-,-,53.5,40.3,+14.3,+36.5,-,-,-,-,-,-,-,-,-,-,-,-,-,-,-,-
