ID,sid,季度,股本(億),財報評分,季度股價(元)收盤,季度股價(元)平均,季度股價(元)漲跌,季度股價(元)漲跌(%),獲利金額(億)營業收入,獲利金額(億)營業毛利,獲利金額(億)營業利益,獲利金額(億)業外損益,獲利金額(億)稅後淨利,獲利率(%)營業毛利,獲利率(%)營業利益,獲利率(%)業外損益,獲利率(%)稅後淨利,單季ROE(%),年估ROE(%),單季ROA(%),年估ROA(%),EPS(元)稅後EPS,EPS(元)年增(元),BPS(元)
0,1522,2021Q1,-,-,22.1,23.6,-1.5,-6.4,-,-,-,-,-,-,-,-,-,-,-,-,-,-,-,-
1,1522,2020Q4,-,-,23.6,21.5,+2.85,+13.7,-,-,-,-,-,-,-,-,-,-,-,-,-,-,-,-
2,1522,2020Q3,31.3,36,20.75,22.9,-3.45,-14.3,38.2,7.48,1.2,0.44,0.88,19.5,3.14,1.14,2.55,1.51,6.05,0.43,1.74,0.28,-0.14,20.11
3,1522,2020Q2,31.3,26,24.2,23.8,+3.85,+18.9,29.7,5.84,-0.24,0.26,-0.06,19.6,-0.82,0.86,-0.47,-0.21,-0.84,-0.06,-0.24,-0.02,-0.81,19.75
4,1522,2020Q1,31.3,36,20.35,24.2,-8.7,-29.9,38.6,8.25,1.25,-0.42,0.62,21.4,3.23,-1.08,1.63,0.92,3.67,0.27,1.07,0.2,-0.47,21.34
5,1522,2019Q4,31.3,36,29.05,29.9,-2.25,-7.2,41.8,10.2,2.29,-0.82,1.08,24.3,5.48,-1.98,2.46,1.5,6.01,0.43,1.72,0.35,-0.03,21.31
6,1522,2019Q3,31.3,34,31.3,29.5,+4.45,+16.6,44.2,10.8,2.72,-0.73,1.31,24.4,6.14,-1.65,2.91,1.9,7.61,0.53,2.13,0.42,+0.3,21.11
7,1522,2019Q2,31.3,40,26.85,27.4,+0.15,+0.6,45.9,10.3,2.79,0.64,2.47,22.5,6.08,1.4,6.02,4.05,16.2,1.16,4.62,0.79,+0.11,20.94
8,1522,2019Q1,31.3,40,26.7,25.2,+2.6,+10.8,43.5,10.3,2.76,0.19,2.1,23.8,6.35,0.43,4.69,3.02,12.1,0.9,3.62,0.67,-0.14,21.51
9,1522,2018Q4,31.3,36,24.1,24.4,-4.05,-14.4,43.2,9.58,1.06,0.38,1.19,22.2,2.46,0.88,2.67,1.75,7.02,0.54,2.15,0.38,+0.29,20.59
10,1522,2018Q3,31.3,34,28.15,30,-3.95,-12.3,40.8,8.59,1.06,-1.07,0.37,21.1,2.6,-2.62,0.78,0.49,1.96,0.15,0.6,0.12,-0.39,20.26
11,1522,2018Q2,31.3,36,32.1,31,+0.9,+2.9,39.3,8.9,1.44,1.33,2.13,22.6,3.67,3.39,5.21,3.07,12.3,0.98,3.9,0.68,+0.06,20.27
12,1522,2018Q1,31.3,38,31.2,31.3,-2,-6,42.8,9.76,2.62,0.01,2.54,22.8,6.12,0.01,5.93,3.81,15.2,1.24,4.96,0.81,-0.08,21.16
13,1522,2017Q4,31.3,34,33.2,33.7,+0.25,+0.8,39.8,8.49,0.62,0.52,0.29,21.3,1.56,1.3,0.45,0.27,1.08,0.09,0.36,0.09,-0.66,20.17
14,1522,2017Q3,31.3,38,32.95,32.2,+0.75,+2.3,39.9,8.11,0.57,1.34,1.59,20.3,1.42,3.36,3.7,2.23,8.92,0.74,2.97,0.51,-0.3,20.1
15,1522,2017Q2,31.3,38,32.2,31.7,-0.9,-2.7,40,8.31,1.16,1,1.95,20.8,2.91,2.5,4.81,2.84,11.4,0.98,3.91,0.62,-0.25,19.53
16,1522,2017Q1,31.3,40,33.1,35.6,-2.9,-8.1,40.9,10.1,2.97,0.56,2.78,24.8,7.24,1.36,6.87,4.09,16.3,1.44,5.75,0.89,+0.15,20.98
17,1522,2016Q4,31.3,38,36,34,-2,-5.3,39.9,9.27,1.5,0.91,2.35,23.3,3.76,2.29,5.98,3.59,14.4,1.22,4.89,0.75,0,20.23
18,1522,2016Q3,31.3,40,38,33.4,+11.7,+44.5,39.6,10.3,3.03,0.33,2.52,26,7.65,0.83,6.66,4.1,16.4,1.36,5.46,0.81,-0.1,19.43
19,1522,2016Q2,31.3,40,26.3,25.7,+0.75,+2.9,39.5,9.54,2.88,0.92,2.71,24.2,7.3,2.32,7.21,4.39,17.6,1.48,5.92,0.87,+0.51,18.87
20,1522,2016Q1,31.3,43,25.55,24.8,+2.15,+9.2,40.7,9.99,3.1,0.32,2.3,24.6,7.62,0.78,6.45,3.96,15.9,1.39,5.58,0.74,+0.32,19.64
21,1522,2015Q4,31.3,40,23.4,23.2,+2.9,+14.1,38.1,8.76,2.08,1.01,2.33,23,5.47,2.64,7.11,4.13,16.5,1.46,5.85,0.75,+0.15,19
22,1522,2015Q3,31.3,40,20.5,18.9,+1.15,+5.9,37.2,7.66,1.49,2.24,2.84,20.6,3.99,6.02,8.34,4.96,19.8,1.7,6.79,0.91,+0.49,18.52
23,1522,2015Q2,31.3,34,19.35,20.1,-1.5,-7.2,37.8,8.41,2.36,-0.08,1.13,22.2,6.22,-0.2,3.76,2.31,9.24,0.79,3.18,0.36,+0.24,17.33
24,1522,2015Q1,31.3,34,20.85,22.1,-0.05,-0.2,37.3,8.17,2.38,-0.27,1.3,21.9,6.37,-0.73,3.95,2.37,9.48,0.83,3.33,0.42,-0.08,18.04
25,1522,2014Q4,31.3,38,20.9,18.1,+3.2,+18.1,36.4,7.46,1.1,1.48,1.88,20.5,3.03,4.08,5.81,3.51,14,1.2,4.8,0.6,+0.91,17.85
26,1522,2014Q3,31.3,36,17.7,18.9,-3.15,-15.1,34.3,7.15,1.45,0.26,1.3,20.8,4.22,0.76,4.05,2.41,9.64,0.81,3.23,0.42,+0.43,16.93
27,1522,2014Q2,31.3,34,20.85,20.6,+1.6,+8.3,33.9,5.67,0.11,1.42,0.39,16.7,0.33,4.2,2.16,1.29,5.17,0.43,1.71,0.12,-0.14,16.41
28,1522,2014Q1,31.3,38,19.25,18,+2.3,+13.6,35,6.5,0.82,1.52,1.55,18.6,2.33,4.36,5.65,3.45,13.8,1.09,4.36,0.5,+0.23,16.5
29,1522,2013Q4,31.3,28,16.95,16.7,-0.95,-5.3,44.8,8.22,2,-1.8,-0.98,18.3,4.47,-4.01,-0.93,-0.72,-2.89,-0.22,-0.88,-0.31,-0.2,15.84
30,1522,2013Q3,31.3,28,17.9,15.6,+5.7,+46.7,41.1,7.29,0.29,-0.37,-0.03,17.7,0.71,-0.89,-0.25,-0.18,-0.71,-0.05,-0.22,-0.01,+0.36,15.95
31,1522,2013Q2,31.3,36,12.2,11.9,+1.05,+9.4,40.6,7.13,1.43,0.02,0.81,17.6,3.52,0.05,3.07,2.14,8.58,0.67,2.69,0.26,+0.17,16.1
32,1522,2013Q1,31.4,36,11.15,10.8,+0.5,+4.7,38.5,6.65,0.94,0.57,0.83,17.3,2.45,1.49,3.3,2.26,9.05,0.7,2.81,0.27,+0.45,15.86
33,1522,2012Q4,31.4,32,10.65,10.8,-1.45,-12,38.2,6.01,-0.12,-0.02,-0.34,15.7,-0.32,-0.05,0.04,0.02,0.1,0.01,0.03,-0.11,-0.02,15.51
34,1522,2012Q3,31.4,28,12.1,11.9,+0.15,+1.3,37.6,5.74,0.28,-1.26,-1.18,15.2,0.76,-3.34,-2.84,-1.9,-7.61,-0.62,-2.5,-0.37,-0.6,15.93
35,1522,2012Q2,31.2,36,11.95,12.2,-2.15,-15.2,38.7,6.45,0.79,0.11,0.28,16.7,2.04,0.29,1.18,0.8,3.2,0.27,1.09,0.09,+0.18,16.35
36,1522,2012Q1,31.2,28,14.1,13.6,+2.3,+19.5,35.1,5.61,0.39,-0.93,-0.53,16,1.1,-2.65,-1.48,-0.91,-3.62,-0.32,-1.28,-0.18,-0.31,16.37
37,1522,2011Q4,31.2,29,11.8,12.5,-1.25,-9.6,36.2,6.68,0.81,-,-0.3,18.5,2.24,-,-0.41,-0.25,-1.01,-0.09,-0.36,-0.09,-0.07,16.61
38,1522,2011Q3,31.7,36,13.05,13.3,-1.4,-9.7,34.7,5.35,0.56,-,0.71,15.4,1.61,-,2.38,1.43,5.71,0.51,2.04,0.23,+0.18,16.79
39,1522,2011Q2,30.8,31,14.45,16.2,-2.8,-16.2,36.7,5.75,0.74,-,-0.33,15.6,2.02,-,-0.35,-0.23,-0.91,-0.08,-0.32,-0.09,-0.32,16.78
40,1522,2011Q1,30.8,36,17.25,18.2,-2.65,-13.3,34.5,5.32,0.62,-,0.41,15.4,1.79,-,1.63,0.99,3.97,0.36,1.44,0.13,-0.05,16.96
41,1522,2010Q4,30.8,38,19.9,18.8,+0.4,+2.1,36.3,6.46,1.49,-1.16,-0.07,17.8,4.1,-3.19,0.72,0.46,1.83,0.17,0.68,-0.02,-0.63,16.77
42,1522,2010Q3,30.8,38,19.5,20.4,-0.4,-2,33.6,5.38,0.65,-0.28,0.15,16,1.94,-0.82,1.17,0.69,2.76,0.25,1.02,0.05,-0.38,17.28
43,1522,2010Q2,28,40,19.9,21.9,-5.9,-22.9,35.1,6.06,1.18,0.13,0.7,17.3,3.36,0.36,2.88,1.77,7.07,0.65,2.61,0.23,-0.06,18.92
44,1522,2010Q1,28,36,25.8,24,-1.9,-6.9,30.4,5.97,1.67,-0.99,0.51,19.6,5.5,-3.24,1.66,0.88,3.52,0.33,1.3,0.18,-0.51,19.15
45,1522,2009Q4,28,45,27.7,24.2,+6.3,+29.4,32.5,6.64,2.32,-0.35,1.69,20.5,7.15,-1.07,6.06,3.49,14,1.27,5.08,0.61,+1.01,19.05
46,1522,2009Q3,28,38,21.4,20.3,+2.6,+13.8,32.5,5.56,0.99,-0.2,1.18,17.1,3.06,-0.63,3.43,2.02,8.07,0.75,2.99,0.43,-0.04,18.6
47,1522,2009Q2,27.2,40,18.8,19.9,+2.7,+16.8,28.7,5.89,1.61,-0.58,0.79,20.5,5.6,-2.01,3.04,1.58,6.34,0.6,2.42,0.29,-0.16,18.76
48,1522,2009Q1,27.2,45,16.1,12.4,+5.9,+57.8,26,5.81,1.83,0.28,1.86,22.3,7.05,1.07,7.31,3.53,14.1,1.35,5.38,0.69,+0.47,18.87
49,1522,2008Q4,27.2,30,10.2,10.7,-2.1,-17.1,22.9,3.52,0.8,-1.36,-1.09,15.4,3.49,-5.97,-5.08,-2.19,-8.76,-0.82,-3.28,-0.4,-0.7,18.01
50,1522,2008Q3,26.8,38,12.3,15.4,-3.05,-19.9,25.2,4.64,1,0.56,1.3,18.4,3.96,2.23,5.01,2.39,9.58,0.88,3.54,0.47,-0.17,18.82
51,1522,2008Q2,26.8,40,15.35,21.1,-8.2,-34.8,30.6,7.68,3.67,-2.2,1.2,25.1,12,-7.18,4.15,2.44,9.74,0.89,3.55,0.45,-0.05,18.05
52,1522,2008Q1,26.8,36,23.55,22.4,+2.35,+11.1,27.9,4.21,0.58,0,0.57,15.1,2.07,0,1.95,1.06,4.24,0.38,1.51,0.22,-,18.07
53,1522,2007Q4,26.2,49,21.2,22.8,-4.2,-16.5,106,20.7,6.3,-0.62,4.61,19.6,5.96,-0.58,4.36,9.06,36.2,3.22,12.9,0.3,+0.44,17.95
54,1522,2007Q3,26.1,35,25.4,25.1,+0.7,+2.8,25.2,4.86,1.22,0.34,1.3,19.3,4.85,1.35,5.01,-,-,-,-,0.64,-,17.67
55,1522,2007Q2,24.9,40,24.7,23.8,+0.7,+2.9,52.9,10.1,2.93,-0.52,2.15,19.1,5.54,-0.98,3.74,4.34,17.4,1.42,5.67,0.5,+0.51,17.19
56,1522,2007Q1,-,-,24,23.8,-0.3,-1.2,-,-,-,-,-,-,-,-,-,-,-,-,-,-,-,-
57,1522,2006Q4,24.9,30,24.3,23.4,+6.25,+34.6,-,-,-,-,-0.34,-,-,-,-,-0.78,-3.14,-0.26,-1.03,-0.14,+0.26,16.23
58,1522,2006Q3,-,-,18.05,20,-3.95,-18,-,-,-,-,-,-,-,-,-,-,-,-,-,-,-,-
59,1522,2006Q2,24.9,30,22,23.4,+0.8,+3.8,-,-,-,-,-0.03,-,-,-,-,-0.07,-0.28,-0.02,-0.09,-0.01,-0.03,15.93
60,1522,2006Q1,-,-,21.2,21.6,-0.75,-3.4,-,-,-,-,-,-,-,-,-,-,-,-,-,-,-,-
61,1522,2005Q4,24.5,33,21.95,21.8,+1.8,+8.9,-,-,-,-,-0.98,-,-,-,-,-2.27,-9.08,-0.73,-2.91,-0.4,-0.52,15.74
62,1522,2005Q3,-,-,20.15,21.8,-4.65,-18.8,-,-,-,-,-,-,-,-,-,-,-,-,-,-,-,-
63,1522,2005Q2,21.7,41,24.8,24.1,-1.55,-5.9,-,-,-,-,0.05,-,-,-,-,0.12,0.46,0.04,0.15,0.02,-,18.05
64,1522,2005Q1,-,-,26.35,29.6,-4.35,-14.2,-,-,-,-,-,-,-,-,-,-,-,-,-,-,-,-
65,1522,2004Q4,21.7,41,30.7,30.3,-1,-3.2,-,-,-,-,0.25,-,-,-,-,0.62,2.46,0.21,0.84,0.12,-0.29,18.91
66,1522,2004Q3,-,-,31.7,30.6,-0.4,-1.2,-,-,-,-,-,-,-,-,-,-,-,-,-,-,-,-
67,1522,2004Q2,-,-,32.1,36.5,-12.9,-28.7,-,-,-,-,-,-,-,-,-,-,-,-,-,-,-,-
68,1522,2004Q1,-,-,45,47.7,-2.7,-5.7,-,-,-,-,-,-,-,-,-,-,-,-,-,-,-,-
69,1522,2003Q4,19.2,44,47.7,49.4,+0.5,+1.1,-,-,-,-,0.78,-,-,-,-,1.93,7.73,0.77,3.07,0.41,-0.78,20.76
70,1522,2003Q3,-,-,47.2,55.5,-13.3,-22,-,-,-,-,-,-,-,-,-,-,-,-,-,-,-,-
71,1522,2003Q2,-,-,60.5,63,-3,-4.7,-,-,-,-,-,-,-,-,-,-,-,-,-,-,-,-
72,1522,2003Q1,-,-,63.5,59.1,+8,+14.4,-,-,-,-,-,-,-,-,-,-,-,-,-,-,-,-
73,1522,2002Q4,18.3,52,55.5,51.2,+11.2,+25.3,-,-,-,-,2.17,-,-,-,-,5.44,21.8,2.57,10.3,1.19,+0.78,21.8
74,1522,2002Q3,-,-,44.3,43.2,0,0,-,-,-,-,-,-,-,-,-,-,-,-,-,-,-,-
75,1522,2002Q2,-,-,44.3,40,+17.6,+65.9,-,-,-,-,-,-,-,-,-,-,-,-,-,-,-,-
76,1522,2002Q1,-,-,26.7,23.9,+3.2,+13.6,-,-,-,-,-,-,-,-,-,-,-,-,-,-,-,-
77,1522,2001Q4,17,41,23.5,17,+10.3,+78,-,-,-,-,0.7,-,-,-,-,2.06,8.23,0.91,3.65,0.41,-0.21,19.98
78,1522,2001Q3,-,-,13.2,15.4,-7.1,-35,-,-,-,-,-,-,-,-,-,-,-,-,-,-,-,-
79,1522,2001Q2,-,-,20.3,20.2,-3.2,-13.6,-,-,-,-,-,-,-,-,-,-,-,-,-,-,-,-
80,1522,2001Q1,-,-,23.5,18.4,+9.5,+67.9,-,-,-,-,-,-,-,-,-,-,-,-,-,-,-,-
81,1522,2000Q4,16.5,44,14,13.1,+0.4,+2.9,-,-,-,-,1.02,-,-,-,-,3.31,13.2,1.37,5.49,0.62,+0.17,18.69
82,1522,2000Q3,-,-,13.6,18.4,-12.6,-48.1,-,-,-,-,-,-,-,-,-,-,-,-,-,-,-,-
83,1522,2000Q2,-,-,26.2,32.5,-12.8,-32.8,-,-,-,-,-,-,-,-,-,-,-,-,-,-,-,-
84,1522,2000Q1,-,-,39,38.9,+4.6,+13.4,-,-,-,-,-,-,-,-,-,-,-,-,-,-,-,-
85,1522,1999Q4,13.7,44,35.6,37.3,-4.5,-11.2,-,-,-,-,0.62,-,-,-,-,2.02,8.09,0.83,3.32,0.45,-,22.39
86,1522,1999Q3,-,-,40.1,44.7,-9.3,-18.8,-,-,-,-,-,-,-,-,-,-,-,-,-,-,-,-
87,1522,1999Q2,-,-,49.4,63.6,-4.6,-8.5,-,-,-,-,-,-,-,-,-,-,-,-,-,-,-,-
88,1522,1999Q1,-,-,54,52.4,-6,-10,-,-,-,-,-,-,-,-,-,-,-,-,-,-,-,-
89,1522,1998Q4,-,-,60,74,-21,-25.9,-,-,-,-,-,-,-,-,-,-,-,-,-,-,-,-
90,1522,1998Q3,-,-,81,100,-24,-22.9,-,-,-,-,-,-,-,-,-,-,-,-,-,-,-,-
91,1522,1998Q2,-,-,105,122,-16,-13.2,-,-,-,-,-,-,-,-,-,-,-,-,-,-,-,-
92,1522,1998Q1,-,-,121,87.1,+49.5,+69.2,-,-,-,-,-,-,-,-,-,-,-,-,-,-,-,-
93,1522,1997Q4,-,-,71.5,67.7,-8.5,-10.6,-,-,-,-,-,-,-,-,-,-,-,-,-,-,-,-
