ID,sid,季度,股本(億),財報評分,季度股價(元)收盤,季度股價(元)平均,季度股價(元)漲跌,季度股價(元)漲跌(%),獲利金額(億)營業收入,獲利金額(億)營業毛利,獲利金額(億)營業利益,獲利金額(億)業外損益,獲利金額(億)稅後淨利,獲利率(%)營業毛利,獲利率(%)營業利益,獲利率(%)業外損益,獲利率(%)稅後淨利,單季ROE(%),年估ROE(%),單季ROA(%),年估ROA(%),EPS(元)稅後EPS,EPS(元)年增(元),BPS(元)
0,2347,2021Q1,-,-,46.8,46.9,-0.2,-0.4,-,-,-,-,-,-,-,-,-,-,-,-,-,-,-,-
1,2347,2020Q4,-,-,47,43.6,+5.7,+13.8,-,-,-,-,-,-,-,-,-,-,-,-,-,-,-,-
2,2347,2020Q3,167,36,41.3,43.1,-0.35,-0.8,896,38.2,18.5,10.6,21,4.26,2.07,1.18,2.49,4.39,17.6,1.53,6.13,1.26,+0.29,30.06
3,2347,2020Q2,167,32,41.65,41.3,+4.5,+12.1,759,36,17.9,5.2,17.8,4.74,2.35,0.69,2.43,3.84,15.4,1.33,5.34,1.07,+0.13,28.29
4,2347,2020Q1,167,36,37.15,37,-0.35,-0.9,687,33.8,15.9,6.05,18,4.92,2.31,0.88,2.72,3.79,15.1,1.33,5.31,1.08,+0.07,26.97
5,2347,2019Q4,167,30,37.5,37,+1.2,+3.3,933,41.7,20.1,7.54,19.4,4.47,2.15,0.81,2.23,4.04,16.1,1.41,5.63,1.16,+0.36,29.87
6,2347,2019Q3,167,32,36.3,37.7,-2.7,-6.9,874,36.5,13.1,6.68,16.2,4.17,1.5,0.76,1.99,3.42,13.7,1.21,4.85,0.97,+0.07,29.29
7,2347,2019Q2,167,32,39,38,+2,+5.4,779,32.3,11.7,7.61,15.7,4.14,1.5,0.98,2.09,3.11,12.4,1.16,4.63,0.94,+0.03,29.5
8,2347,2019Q1,167,32,37,37.1,+0.6,+1.6,813,36.7,14.9,7.28,16.9,4.52,1.83,0.9,2.18,3.45,13.8,1.23,4.92,1.01,-0.34,30.87
9,2347,2018Q4,167,30,36.4,35,-2.55,-6.5,987,40.1,12.6,5.27,13.4,4.06,1.28,0.53,1.46,2.98,11.9,0.98,3.93,0.8,-0.26,28.52
10,2347,2018Q3,167,32,38.95,41.7,-7.05,-15.3,1046,39.4,17.8,0.71,15,3.77,1.71,0.07,1.51,3.33,13.3,1.09,4.36,0.9,-0.23,27.55
11,2347,2018Q2,167,28,46,45.5,+2.5,+5.7,906,32.6,11,5.19,15.2,3.6,1.21,0.57,1.73,3.26,13.1,1.14,4.54,0.91,+0.11,27.4
12,2347,2018Q1,167,34,43.5,40.8,+2.95,+7.3,893,32.8,12.7,14.5,22.5,3.67,1.42,1.62,2.6,4.88,19.5,1.71,6.85,1.35,+0.67,28.13
13,2347,2017Q4,167,30,40.55,39,+4.15,+11.4,1070,36.1,16,7.34,17.7,3.37,1.49,0.69,1.74,4.04,16.2,1.34,5.38,1.06,+0.27,27.08
14,2347,2017Q3,167,34,36.4,34.6,+2.3,+6.7,1003,34.2,13.8,10.4,18.8,3.41,1.38,1.03,1.95,4.42,17.7,1.46,5.86,1.13,+0.4,26.21
15,2347,2017Q2,167,28,34.1,33.6,+1.45,+4.4,804,28.5,8.65,7.81,13.3,3.54,1.08,0.97,1.74,3.29,13.2,1.13,4.52,0.8,+0.09,24.88
16,2347,2017Q1,167,32,32.65,33,+0.15,+0.5,765,29.9,10.9,3.98,11.4,3.9,1.42,0.52,1.57,2.79,11.2,0.97,3.88,0.68,-0.08,24.56
17,2347,2016Q4,167,30,32.5,33.1,-2.2,-6.3,906,35,13.5,2.93,13.3,3.87,1.49,0.32,1.56,3.29,13.2,1.13,4.51,0.79,+0.52,25.52
18,2347,2016Q3,167,32,34.7,36.2,-0.05,-0.1,910,29.2,9.56,5.08,12.2,3.21,1.05,0.56,1.39,2.97,11.9,1,4.01,0.73,+0.54,24.69
19,2347,2016Q2,159,32,34.75,32.6,+1.6,+4.8,836,28.1,8.62,2.75,11.2,3.37,1.03,0.33,1.4,2.68,10.7,0.92,3.67,0.71,-0.11,26.14
20,2347,2016Q1,159,32,33.15,32.1,+1.1,+3.4,775,28.9,11,3.8,12.1,3.73,1.42,0.49,1.64,2.87,11.5,0.97,3.89,0.76,+0.03,27.4
21,2347,2015Q4,159,28,32.05,33,-0.75,-2.3,942,32.7,7.37,-2.57,4.27,3.47,0.78,-0.27,0.52,1.13,4.51,0.36,1.42,0.27,-0.6,26.95
22,2347,2015Q3,159,30,32.8,37.8,-12.95,-28.3,845,30.1,13.1,-10.7,3.02,3.56,1.55,-1.27,0.41,0.82,3.29,0.25,1.01,0.19,-0.75,26.66
23,2347,2015Q2,159,34,45.75,43.7,+3.45,+8.2,732,26,9.15,7.6,13,3.55,1.25,1.04,1.87,3.15,12.6,1.03,4.1,0.82,+0.1,25.3
24,2347,2015Q1,159,36,42.3,45.1,-3.8,-8.2,702,27.1,9.86,3.57,11.6,3.86,1.4,0.51,1.72,2.63,10.5,0.9,3.59,0.73,+0.1,28.27
25,2347,2014Q4,159,38,46.1,43.7,+4.1,+9.8,847,29.6,9.7,7.17,13.8,3.49,1.15,0.85,1.71,3.23,12.9,1.07,4.27,0.87,+0.03,28.53
26,2347,2014Q3,159,36,42,46,-8.3,-16.5,907,31.8,14.9,4.25,15,3.51,1.64,0.47,1.71,3.65,14.6,1.19,4.77,0.94,+0.06,26.73
27,2347,2014Q2,159,32,50.3,48.2,+1.3,+2.7,779,27.8,11,3.32,11.5,3.57,1.41,0.43,1.56,2.77,11.1,0.95,3.81,0.72,-0.25,25.79
28,2347,2014Q1,159,30,49,50.6,+1.7,+3.6,782,26.1,8.88,2.93,9.94,3.33,1.14,0.37,1.34,2.35,9.38,0.82,3.29,0.63,0,28.35
29,2347,2013Q4,159,34,47.3,45.1,+1,+2.2,921,29.4,11,5.52,13.4,3.19,1.2,0.6,1.52,3.29,13.2,1.15,4.59,0.84,-0.04,26.81
30,2347,2013Q3,159,32,46.3,43.3,+7.15,+18.3,858,28.5,11,5.4,13.9,3.32,1.29,0.63,1.65,3.39,13.6,1.19,4.75,0.88,-0.01,26.05
31,2347,2013Q2,159,32,39.15,46.3,-15.65,-28.6,788,28.9,10.6,8.85,15.4,3.67,1.34,1.12,2,3.69,14.8,1.37,5.47,0.97,+0.14,25.62
32,2347,2013Q1,159,32,54.8,58.4,+1.3,+2.4,736,23.8,6.17,5.36,9.93,3.23,0.84,0.73,1.42,2.46,9.85,0.91,3.64,0.63,-0.44,27.22
33,2347,2012Q4,158,34,53.5,58.3,-12.9,-19.4,830,26.1,8.41,7.58,13.9,3.14,1.01,0.91,1.68,3.43,13.7,1.24,4.98,0.88,-0.11,25.86
34,2347,2012Q3,158,34,66.4,67.5,-6.2,-8.5,825,29.6,11.4,4.93,14,3.59,1.38,0.6,1.7,3.53,14.1,1.29,5.15,0.89,-0.67,25.56
35,2347,2012Q2,158,30,72.6,70,-0.7,-1,743,29.4,11.3,4.91,13,3.95,1.52,0.66,1.75,3.13,12.5,1.21,4.85,0.83,-0.39,24.85
36,2347,2012Q1,158,36,73.3,73.6,+0.2,+0.3,728,30.2,14.5,5.53,16.8,4.15,1.99,0.76,2.31,3.87,15.5,1.61,6.42,1.07,+0.16,27.98
37,2347,2011Q4,157,31,73.1,71.4,+6.4,+9.6,779,29.9,12.8,-,15.4,3.84,1.65,-,1.98,3.7,14.8,1.43,5.73,0.99,+0.2,27.25
38,2347,2011Q3,156,36,66.7,71.4,-3,-4.3,858,34.3,15.3,-,24,3.99,1.78,-,2.8,6.26,25,2.33,9.31,1.56,+0.34,26.04
39,2347,2011Q2,155,31,69.7,69.3,+1.1,+1.6,726,27.8,11.5,-,18.9,3.83,1.58,-,2.6,5.06,20.3,2,7.99,1.22,+0.37,23.47
40,2347,2011Q1,154,24,68.6,72.3,-10.1,-12.8,744,25.8,11,-,14,3.47,1.48,-,1.89,3.8,15.2,1.58,6.34,0.91,-0.03,24.75
41,2347,2010Q4,153,36,78.7,75.7,+6.3,+8.7,701,22.9,8.28,6.27,11.8,3.26,1.18,0.89,1.68,3.34,13.3,1.37,5.46,0.79,-0.16,23.25
42,2347,2010Q3,150,36,72.4,71.3,+2.3,+3.3,758,27.1,13.3,7.87,17.8,3.58,1.76,1.04,2.35,5.38,21.5,2.12,8.47,1.22,-0.01,23.19
43,2347,2010Q2,134,28,70.1,71.4,+0.1,+0.1,644,23,9.71,4.26,12.4,3.58,1.51,0.66,1.92,3.83,15.3,1.59,6.35,0.85,-0.04,23.58
44,2347,2010Q1,133,28,70,67.9,+0.5,+0.7,623,25.4,12.4,2.77,12.5,4.08,2,0.44,2.01,3.84,15.4,1.69,6.77,0.94,+0.31,24.9
45,2347,2009Q4,133,32,69.5,66.8,+1,+1.5,583,23.3,10.6,3.47,12.6,4,1.81,0.6,2.16,4.02,16.1,1.75,7.02,0.95,+0.49,24.03
46,2347,2009Q3,133,34,68.5,61.7,+15,+28,644,25,10.2,8.73,16.3,3.89,1.59,1.36,2.53,5.47,21.9,2.46,9.85,1.23,+0.53,23.07
47,2347,2009Q2,120,32,53.5,49.7,+10.65,+24.9,496,21,8.56,5.42,11.8,4.24,1.73,1.09,2.37,4.02,16.1,1.91,7.65,0.89,+0.28,24.15
48,2347,2009Q1,120,34,42.85,39.8,+8.85,+26,484,19.8,6.83,2.78,7.63,4.09,1.41,0.57,1.58,2.67,10.7,1.24,4.96,0.63,-0.44,24.49
49,2347,2008Q4,120,32,34,37.5,-15.05,-30.7,456,20.2,4.97,1.13,5.49,4.43,1.09,0.25,1.2,1.99,7.95,0.85,3.4,0.46,-0.12,23.09
50,2347,2008Q3,120,30,49.05,62.9,-13.45,-21.5,513,21.7,8.42,0.92,8.48,4.23,1.64,0.18,1.65,3.18,12.7,1.31,5.23,0.7,-0.42,22.79
51,2347,2008Q2,108,32,62.5,81.3,-20.1,-24.3,453,19.7,5.24,4.45,7.34,4.36,1.16,0.98,1.67,2.88,11.5,1.26,5.03,0.61,-0.45,23.8
52,2347,2008Q1,108,32,82.6,75.7,+1.6,+2,478,20.2,6.23,7.53,11.6,4.23,1.3,1.58,2.48,4.39,17.6,2.04,8.16,1.07,-,24.31
53,2347,2007Q4,108,40,81,87.2,-8.3,-9.3,1710,81.4,31.6,12.6,38,4.76,1.85,0.74,2.27,14.3,57.2,6.56,26.3,0.58,-0.16,24.53
54,2347,2007Q3,108,29,89.3,73,+39.7,+80,513,21.9,8.58,0.76,8.48,4.26,1.67,0.15,1.65,-,-,-,-,1.12,-,23.88
55,2347,2007Q2,102,36,49.6,44.1,+8.6,+21,788,38.5,15.4,6.6,18.5,4.88,1.96,0.84,2.39,7.75,31,3.63,14.5,1.06,+0.48,23.59
56,2347,2007Q1,-,-,41,39.5,-0.2,-0.5,-,-,-,-,-,-,-,-,-,-,-,-,-,-,-,-
57,2347,2006Q4,102,33,41.2,34.5,+11.7,+39.7,-,-,-,-,7.38,-,-,-,-,3.14,12.6,1.52,6.08,0.74,-0.01,23.08
58,2347,2006Q3,-,-,29.5,30.5,-5.7,-16.2,-,-,-,-,-,-,-,-,-,-,-,-,-,-,-,-
59,2347,2006Q2,92,30,35.2,35.9,-0.85,-2.4,-,-,-,-,5.79,-,-,-,-,2.68,10.7,1.2,4.79,0.58,-0.3,23.64
60,2347,2006Q1,-,-,36.05,39.9,-4.4,-10.9,-,-,-,-,-,-,-,-,-,-,-,-,-,-,-,-
61,2347,2005Q4,92,30,40.45,40.4,-2.4,-5.6,-,-,-,-,6.76,-,-,-,-,3.09,12.3,1.42,5.69,0.75,+0.14,23.99
62,2347,2005Q3,-,-,42.85,42.9,-3.25,-7,-,-,-,-,-,-,-,-,-,-,-,-,-,-,-,-
63,2347,2005Q2,82.8,33,46.1,47.1,-2.1,-4.4,-,-,-,-,7.98,-,-,-,-,3.93,15.7,1.81,7.25,0.88,-,24.7
64,2347,2005Q1,-,-,48.2,46.4,+1.3,+2.8,-,-,-,-,-,-,-,-,-,-,-,-,-,-,-,-
65,2347,2004Q4,82.8,30,46.9,47.5,-1.6,-3.3,-,-,-,-,4.93,-,-,-,-,2.5,10,1.09,4.36,0.61,-0.3,24
66,2347,2004Q3,-,-,48.5,50.1,-6,-11,-,-,-,-,-,-,-,-,-,-,-,-,-,-,-,-
67,2347,2004Q2,-,-,54.5,54.8,-9.5,-14.8,-,-,-,-,-,-,-,-,-,-,-,-,-,-,-,-
68,2347,2004Q1,-,-,64,55.4,+18,+39.1,-,-,-,-,-,-,-,-,-,-,-,-,-,-,-,-
69,2347,2003Q4,73.5,37,46,48.4,-2,-4.2,-,-,-,-,6.57,-,-,-,-,3.52,14.1,1.56,6.22,0.91,+0.1,25.41
70,2347,2003Q3,-,-,48,52,-0.5,-1,-,-,-,-,-,-,-,-,-,-,-,-,-,-,-,-
71,2347,2003Q2,-,-,48.5,46.9,0,0,-,-,-,-,-,-,-,-,-,-,-,-,-,-,-,-
72,2347,2003Q1,-,-,48.5,50.9,-4,-7.6,-,-,-,-,-,-,-,-,-,-,-,-,-,-,-,-
73,2347,2002Q4,66,41,52.5,52.5,+8.1,+18.2,-,-,-,-,5.2,-,-,-,-,3.02,12.1,1.62,6.47,0.81,-0.24,26.04
74,2347,2002Q3,-,-,44.4,43.7,+6.1,+15.9,-,-,-,-,-,-,-,-,-,-,-,-,-,-,-,-
75,2347,2002Q2,-,-,38.3,47.4,-12.2,-24.2,-,-,-,-,-,-,-,-,-,-,-,-,-,-,-,-
76,2347,2002Q1,-,-,50.5,48.9,+3.9,+8.4,-,-,-,-,-,-,-,-,-,-,-,-,-,-,-,-
77,2347,2001Q4,58.2,44,46.6,36.3,+14.8,+46.5,-,-,-,-,6.08,-,-,-,-,4.11,16.4,2.38,9.52,1.05,+1.15,25.87
78,2347,2001Q3,-,-,31.8,42.1,-13.7,-30.1,-,-,-,-,-,-,-,-,-,-,-,-,-,-,-,-
79,2347,2001Q2,-,-,45.5,63,-25,-35.5,-,-,-,-,-,-,-,-,-,-,-,-,-,-,-,-
80,2347,2001Q1,-,-,70.5,71,+23.7,+50.6,-,-,-,-,-,-,-,-,-,-,-,-,-,-,-,-
81,2347,2000Q4,45.9,30,46.8,66,-46.2,-49.7,-,-,-,-,-0.47,-,-,-,-,-0.34,-1.36,-0.21,-0.82,-0.1,-1.23,30.21
82,2347,2000Q3,-,-,93,125,-72,-43.6,-,-,-,-,-,-,-,-,-,-,-,-,-,-,-,-
83,2347,2000Q2,-,-,165,190,-76,-31.5,-,-,-,-,-,-,-,-,-,-,-,-,-,-,-,-
84,2347,2000Q1,-,-,241,217,+35,+17,-,-,-,-,-,-,-,-,-,-,-,-,-,-,-,-
85,2347,1999Q4,35,56,206,168,+52,+33.8,-,-,-,-,3.74,-,-,-,-,2.97,11.9,1.91,7.64,1.13,+0.15,35.97
86,2347,1999Q3,-,-,154,162,-14,-8.3,-,-,-,-,-,-,-,-,-,-,-,-,-,-,-,-
87,2347,1999Q2,-,-,168,160,+32.5,+24,-,-,-,-,-,-,-,-,-,-,-,-,-,-,-,-
88,2347,1999Q1,-,-,135.5,125,-7.5,-5.2,-,-,-,-,-,-,-,-,-,-,-,-,-,-,-,-
89,2347,1998Q4,25,44,143,127,+30.5,+27.1,-,-,-,-,2.29,-,-,-,-,2.91,11.6,1.66,6.64,0.98,-0.39,31.45
90,2347,1998Q3,-,-,112.5,138,-36,-24.2,-,-,-,-,-,-,-,-,-,-,-,-,-,-,-,-
91,2347,1998Q2,-,-,148.5,178,-59.5,-28.6,-,-,-,-,-,-,-,-,-,-,-,-,-,-,-,-
92,2347,1998Q1,-,-,208,188,+55,+35.9,-,-,-,-,-,-,-,-,-,-,-,-,-,-,-,-
93,2347,1997Q4,15,33,153,182,-96,-38.6,-,-,-,-,1.97,-,-,-,-,4.1,16.4,1.87,7.5,1.37,-0.64,31.97
94,2347,1997Q3,-,-,249,252,+64,+34.6,-,-,-,-,-,-,-,-,-,-,-,-,-,-,-,-
95,2347,1997Q2,-,-,185,188,+10,+5.7,-,-,-,-,-,-,-,-,-,-,-,-,-,-,-,-
96,2347,1997Q1,-,-,175,143,+73.5,+72.4,-,-,-,-,-,-,-,-,-,-,-,-,-,-,-,-
97,2347,1996Q4,8.2,44,101.5,95.5,+33.5,+49.3,-,-,-,-,1.5,-,-,-,-,8.56,34.2,3.15,12.6,2.01,-,21.33
98,2347,1996Q3,-,-,68,65.3,-4,-5.6,-,-,-,-,-,-,-,-,-,-,-,-,-,-,-,-
99,2347,1996Q2,-,-,72,53,+35.6,+97.8,-,-,-,-,-,-,-,-,-,-,-,-,-,-,-,-
100,2347,1996Q1,-,-,36.4,32.3,+3.2,+9.6,-,-,-,-,-,-,-,-,-,-,-,-,-,-,-,-
101,2347,1995Q4,-,-,33.2,31.4,+4.4,+15.3,-,-,-,-,-,-,-,-,-,-,-,-,-,-,-,-
