ID,sid,季度,股本(億),財報評分,季度股價(元)收盤,季度股價(元)平均,季度股價(元)漲跌,季度股價(元)漲跌(%),獲利金額(億)營業收入,獲利金額(億)營業毛利,獲利金額(億)營業利益,獲利金額(億)業外損益,獲利金額(億)稅後淨利,獲利率(%)營業毛利,獲利率(%)營業利益,獲利率(%)業外損益,獲利率(%)稅後淨利,單季ROE(%),年估ROE(%),單季ROA(%),年估ROA(%),EPS(元)稅後EPS,EPS(元)年增(元),BPS(元)
0,2504,2021Q1,-,-,24.7,22.9,-0.3,-1.2,-,-,-,-,-,-,-,-,-,-,-,-,-,-,-,-
1,2504,2020Q4,-,-,25,25.7,+1.55,+6.6,-,-,-,-,-,-,-,-,-,-,-,-,-,-,-,-
2,2504,2020Q3,118,49,23.45,19.8,+8.35,+55.3,47.1,8.57,6.48,1.19,7.21,18.2,13.8,2.52,15.7,3.5,14,2.1,8.38,0.54,+0.37,16.5
3,2504,2020Q2,138,55,15.1,13.5,+4.05,+36.7,45.6,8.12,6.27,1.88,7.64,17.8,13.7,4.12,17.3,3.64,14.6,2.21,8.83,0.56,+0.49,15.06
4,2504,2020Q1,139,43,11.05,13,-3.35,-23.3,39.4,4.6,2.93,0.01,2.68,11.7,7.44,0.01,7.14,1.31,5.23,0.78,3.11,0.19,+0.02,14.84
5,2504,2019Q4,139,45,14.4,13.3,+5.33,+58.8,51.7,3.4,1.02,5.09,5.36,6.58,1.98,9.84,10.7,2.62,10.5,1.5,6.01,0.39,+0.31,14.76
6,2504,2019Q3,139,40,9.07,8.42,+0.54,+6.3,46.6,3.44,1.16,0.99,2.33,7.39,2.49,2.12,5.43,1.21,4.85,0.69,2.75,0.17,+0.07,14.3
7,2504,2019Q2,139,36,8.53,8.53,-0.03,-0.4,48.6,4.07,1.67,-0.05,1.01,8.37,3.43,-0.11,2.6,0.6,2.41,0.35,1.39,0.07,-0.04,14.35
8,2504,2019Q1,139,36,8.56,8.65,+0.2,+2.4,43.1,1.99,-0.21,3.04,2.31,4.61,-0.48,7.05,5.83,1.21,4.83,0.7,2.79,0.17,+0.09,14.45
9,2504,2018Q4,139,36,8.36,8.52,-0.95,-10.2,53.7,3.68,1.22,-0.8,1.1,6.86,2.28,-1.49,2.42,0.63,2.53,0.37,1.46,0.08,+0.19,14.1
10,2504,2018Q3,139,40,9.31,9.36,-0.07,-0.7,44.7,3.02,0.64,1.12,1.37,6.76,1.44,2.5,3.44,0.75,3,0.43,1.73,0.1,+0.05,14.08
11,2504,2018Q2,139,38,9.38,9.59,-0.03,-0.3,47,4.15,1.7,0.22,1.64,8.82,3.61,0.46,3.94,0.88,3.54,0.52,2.09,0.11,+0.06,14.08
12,2504,2018Q1,139,40,9.41,9.54,-0.36,-3.7,41,3.23,0.94,0.36,1.04,7.86,2.29,0.89,2.97,0.57,2.29,0.35,1.39,0.08,-1.91,14.37
13,2504,2017Q4,139,32,9.77,9.15,+0.7,+7.7,46.5,1.98,-0.64,-0.53,-1.52,4.26,-1.38,-1.14,-3.03,-0.66,-2.65,-0.4,-1.61,-0.11,+2.65,14.25
14,2504,2017Q3,139,40,9.07,9.13,-0.04,-0.4,41.3,2.46,-0.02,0.91,0.62,5.95,-0.05,2.2,1.94,0.38,1.51,0.23,0.91,0.05,+0.27,14.4
15,2504,2017Q2,143,43,9.11,8.87,+0.67,+7.9,39.7,3.15,0.83,0.06,0.66,7.94,2.1,0.15,2.07,0.38,1.54,0.23,0.92,0.05,+0.29,14.32
16,2504,2017Q1,143,60,8.44,8.1,+1.81,+27.3,36.7,2.94,-0.14,28.9,28.3,8.01,-0.39,78.8,77.5,14.1,56.4,6.36,25.4,1.99,+2.04,14.08
17,2504,2016Q4,143,21,6.63,6.95,-1,-13.1,53.7,-10.8,-21.8,-44.3,-39.6,-20,-40.5,-82.4,-137,-32.7,-131,-12.9,-51.8,-2.76,-2.66,12.31
18,2504,2016Q3,143,23,7.63,7.97,-0.62,-7.5,63.8,-4.04,-9.77,0.89,-3.1,-6.33,-15.3,1.4,-13.8,-3.35,-13.4,-1.44,-5.75,-0.22,-0.24,15.05
19,2504,2016Q2,144,21,8.25,8.6,-1.19,-12.6,72.3,-2.44,-8.23,-0.58,-3.46,-3.38,-11.4,-0.8,-11.6,-3.09,-12.4,-1.35,-5.39,-0.24,-0.29,15.42
20,2504,2016Q1,147,23,9.44,8.44,+0.5,+5.6,70.2,-1,-7.19,2.6,-0.73,-1.43,-10.2,3.71,-4.67,-1.17,-4.69,-0.52,-2.1,-0.05,-0.12,15.78
21,2504,2015Q4,147,26,8.94,9.26,+0.32,+3.7,75.4,-2.33,-7.64,0.52,-1.86,-3.09,-10.1,0.69,-7.66,-2,-8,-0.91,-3.65,-0.1,-0.33,15.79
22,2504,2015Q3,152,26,8.62,8.81,-1.32,-13.3,69.7,-0.9,-6.77,4.94,0.31,-1.29,-9.72,7.09,-1.08,-0.25,-1.02,-0.12,-0.47,0.02,-0.12,16.08
23,2504,2015Q2,152,30,9.94,10.2,-0.61,-5.8,69.3,0.22,-5.19,4.71,0.68,0.32,-7.5,6.8,-0.67,-0.15,-0.62,-0.07,-0.29,0.05,-0.05,15.8
24,2504,2015Q1,152,36,10.55,10.6,-0.5,-4.5,74.2,5.39,-0.47,1.29,1.06,7.26,-0.64,1.73,1.15,0.28,1.13,0.13,0.53,0.07,0,16.23
25,2504,2014Q4,152,36,11.05,10.7,+0.3,+2.8,96.1,7.95,0.51,4.06,3.5,8.28,0.53,4.23,3.97,1.29,5.14,0.6,2.39,0.23,-0.17,16.16
26,2504,2014Q3,152,38,10.75,10.7,+0.3,+2.9,89.6,8.73,2.75,0.85,2.07,9.74,3.07,0.94,3.42,1.06,4.25,0.49,1.97,0.14,+0.01,15.93
27,2504,2014Q2,152,38,10.45,10.8,-1.35,-11.4,87.9,9.44,3.26,-0.26,1.47,10.7,3.71,-0.29,2.64,0.81,3.25,0.39,1.54,0.1,+0.05,15.58
28,2504,2014Q1,152,36,11.8,12.1,-0.6,-4.8,77.2,7.73,2.38,-0.64,1.03,10,3.08,-0.83,1.92,0.52,2.08,0.25,1.01,0.07,+0.04,15.65
29,2504,2013Q4,152,43,12.4,12.2,+0.7,+6,92.5,8.73,2.15,6.79,6.02,9.43,2.32,7.34,8.49,2.82,11.3,1.39,5.56,0.4,+0.26,15.63
30,2504,2013Q3,152,36,11.7,11.7,-0.2,-1.7,82,7.39,1.83,1.01,2.01,9.01,2.24,1.23,3.39,1.02,4.1,0.51,2.04,0.13,+0.11,15.07
31,2504,2013Q2,152,34,11.9,12.1,-0.05,-0.4,74.3,4.49,-0.47,1.22,0.76,6.05,-0.64,1.64,0.78,0.21,0.85,0.11,0.43,0.05,+0.06,14.91
32,2504,2013Q1,152,28,11.95,11.7,+0.75,+6.7,67.5,3.54,-1.35,1.29,0.52,5.25,-2,1.91,-0.11,-0.03,-0.11,-0.01,-0.06,0.03,+0.06,15.08
33,2504,2012Q4,152,40,11.2,11,-0.55,-4.7,74.1,7.48,1.85,1,2.17,10.1,2.49,1.36,3.42,0.94,3.75,0.52,2.09,0.14,+0.1,14.9
34,2504,2012Q3,152,36,11.75,10.8,+1.2,+11.4,67.8,5.88,0.69,0.7,0.43,8.68,1.01,1.03,1.54,0.39,1.57,0.23,0.9,0.02,-0.14,14.78
35,2504,2012Q2,152,36,10.55,10.8,-1.5,-12.4,64.5,6.16,1.29,0.22,-0.12,9.55,2,0.33,0.77,0.19,0.74,0.11,0.44,-0.01,-0.16,14.76
36,2504,2012Q1,152,28,12.05,12,+1.6,+15.3,55.2,3.77,-0.57,0.29,-0.49,6.82,-1.04,0.53,-0.85,-0.17,-0.69,-0.1,-0.42,-0.03,-0.2,14.91
37,2504,2011Q4,152,40,10.45,12,-1.65,-13.6,69.8,5.9,0.94,-,0.59,8.46,1.35,-,1.22,0.32,1.27,0.19,0.76,0.04,-0.08,15.09
38,2504,2011Q3,152,38,12.1,14,-2.3,-16,66.6,8.73,3.71,-,2.35,13.1,5.57,-,5.91,1.54,6.17,0.9,3.59,0.16,-0.07,14.88
39,2504,2011Q2,150,40,14.4,14.3,+1.45,+11.2,63.1,8.55,3.97,-,2.3,13.5,6.29,-,5.57,1.39,5.57,0.83,3.33,0.15,+0.01,14.62
40,2504,2011Q1,150,42,12.95,14.2,-3.45,-21,58.5,7.89,3.78,-,2.61,13.5,6.46,-,5.73,1.33,5.34,0.83,3.31,0.17,-0.16,14.75
41,2504,2010Q4,150,47,16.4,16.1,+1.7,+11.6,64,8.7,3.73,-0.48,1.79,13.6,5.84,-0.75,4.72,1.21,4.86,0.75,3.01,0.12,+0.07,14.48
42,2504,2010Q3,150,47,14.7,14.5,+0.7,+5,67.2,10.5,5.49,0.28,3.44,15.6,8.17,0.42,7.9,2.17,8.66,1.32,5.28,0.23,+0.1,14.54
43,2504,2010Q2,147,49,14,13.2,+0.6,+4.5,49.9,5.02,3.78,0.15,2.04,10.1,7.58,0.31,6.68,1.39,5.54,0.85,3.4,0.14,-0.03,14.54
44,2504,2010Q1,147,49,13.4,13.6,-1.35,-9.2,54,8.18,1.99,3.77,4.79,15.1,3.69,6.99,10.1,2.31,9.25,1.38,5.52,0.33,+0.26,14.46
45,2504,2009Q4,130,45,14.75,15.4,-1.9,-11.4,47.3,4.92,0.62,0.26,0.65,10.4,1.32,0.56,1.82,0.39,1.55,0.22,0.9,0.05,+0.13,14.3
46,2504,2009Q3,130,43,16.65,16.8,+0.85,+5.4,58.4,5.88,1.55,0.29,1.69,10.1,2.65,0.49,3.12,0.85,3.4,0.49,1.95,0.13,-0.15,14.51
47,2504,2009Q2,128,43,15.8,14.8,+4.85,+44.3,46.1,3.7,1.88,0.04,2.2,8.03,4.08,0.09,4.7,1.01,4.04,0.56,2.23,0.17,+0.01,14.7
48,2504,2009Q1,128,45,10.95,9.69,+1.64,+17.6,42.2,6.53,0.95,0.12,0.86,15.5,2.25,0.29,2.2,0.43,1.74,0.23,0.92,0.07,-0.1,14.76
49,2504,2008Q4,128,34,9.31,8.13,+0.8,+9.4,77.5,3.2,0.22,-1.24,-1.01,4.13,0.29,-1.6,-1.56,-0.61,-2.43,-0.33,-1.33,-0.08,-0.28,14.53
50,2504,2008Q3,128,38,8.51,12.7,-6.49,-43.3,47.9,4.8,2.39,1.22,3.57,10,4.99,2.55,8.02,2.07,8.29,1.23,4.91,0.28,+0.09,14.32
51,2504,2008Q2,122,34,15,21.2,-7.1,-32.1,46.3,4.48,1.92,0.37,2.07,9.67,4.14,0.8,4.77,1.19,4.78,0.73,2.92,0.16,-0.27,14.88
52,2504,2008Q1,122,34,22.1,18.5,+7.65,+52.9,44.1,4.09,1.74,0.41,2.03,9.26,3.95,0.92,4.54,1.09,4.36,0.69,2.74,0.17,-,14.97
53,2504,2007Q4,122,49,14.45,17.5,-6.1,-29.7,193,18.4,9.52,4.79,11.8,9.52,4.93,2.48,5.88,6.22,24.9,3.92,15.7,0.2,+0.04,14.71
54,2504,2007Q3,122,35,20.55,19.2,+1.55,+8.2,47.9,5.04,2.62,0.99,3.57,10.5,5.48,2.06,8.02,-,-,-,-,0.19,-,14.53
55,2504,2007Q2,118,43,19,18,+1.8,+10.5,91.8,9.67,5.28,3.65,7,10.5,5.75,3.98,7.46,3.88,15.5,2.35,9.39,0.43,+0.22,14.62
56,2504,2007Q1,-,-,17.2,17.9,-0.4,-2.3,-,-,-,-,-,-,-,-,-,-,-,-,-,-,-,-
57,2504,2006Q4,118,37,17.6,16.1,+4.3,+32.3,-,-,-,-,1.93,-,-,-,-,1.12,4.47,0.65,2.59,0.16,+0.01,14.26
58,2504,2006Q3,-,-,13.3,13.2,-1.35,-9.2,-,-,-,-,-,-,-,-,-,-,-,-,-,-,-,-
59,2504,2006Q2,116,41,14.65,12.6,+6.1,+71.3,-,-,-,-,2.54,-,-,-,-,1.55,6.19,0.91,3.62,0.21,-0.06,13.83
60,2504,2006Q1,-,-,8.55,8.48,-0.59,-6.5,-,-,-,-,-,-,-,-,-,-,-,-,-,-,-,-
61,2504,2005Q4,116,44,9.14,8.22,+0.69,+8.2,-,-,-,-,1.7,-,-,-,-,1.05,4.19,0.64,2.55,0.15,+0.03,13.65
62,2504,2005Q3,-,-,8.45,8.13,+0.27,+3.3,-,-,-,-,-,-,-,-,-,-,-,-,-,-,-,-
63,2504,2005Q2,111,41,8.18,7.91,-0.57,-6.5,-,-,-,-,3.09,-,-,-,-,1.98,7.91,1.22,4.88,0.27,-,13.69
64,2504,2005Q1,-,-,8.75,9.15,-0.75,-7.9,-,-,-,-,-,-,-,-,-,-,-,-,-,-,-,-
65,2504,2004Q4,111,44,9.5,8.39,+1.8,+23.4,-,-,-,-,1.34,-,-,-,-,0.91,3.64,0.6,2.41,0.12,+0.01,13.23
66,2504,2004Q3,-,-,7.7,7.33,+0.2,+2.7,-,-,-,-,-,-,-,-,-,-,-,-,-,-,-,-
67,2504,2004Q2,-,-,7.5,8.48,-2.3,-23.5,-,-,-,-,-,-,-,-,-,-,-,-,-,-,-,-
68,2504,2004Q1,-,-,9.8,8.74,+3.2,+48.5,-,-,-,-,-,-,-,-,-,-,-,-,-,-,-,-
69,2504,2003Q4,111,37,6.6,5.44,+2.31,+53.8,-,-,-,-,1.23,-,-,-,-,1,3.99,0.58,2.31,0.11,-,11.1
70,2504,2003Q3,-,-,4.29,4.15,+0.53,+14.1,-,-,-,-,-,-,-,-,-,-,-,-,-,-,-,-
71,2504,2003Q2,-,-,3.76,3.63,+0.09,+2.5,-,-,-,-,-,-,-,-,-,-,-,-,-,-,-,-
72,2504,2003Q1,-,-,3.67,4.41,-0.19,-4.9,-,-,-,-,-,-,-,-,-,-,-,-,-,-,-,-
73,2504,2002Q4,-,-,3.86,3.2,+1.14,+41.9,-,-,-,-,-,-,-,-,-,-,-,-,-,-,-,-
74,2504,2002Q3,-,-,2.72,3.66,-0.88,-24.4,-,-,-,-,-,-,-,-,-,-,-,-,-,-,-,-
75,2504,2002Q2,-,-,3.6,4.25,-0.16,-4.3,-,-,-,-,-,-,-,-,-,-,-,-,-,-,-,-
76,2504,2002Q1,-,-,3.76,3.05,+0.85,+29.2,-,-,-,-,-,-,-,-,-,-,-,-,-,-,-,-
77,2504,2001Q4,-,-,2.91,2.79,-0.19,-6.1,-,-,-,-,-,-,-,-,-,-,-,-,-,-,-,-
78,2504,2001Q3,-,-,3.1,3.36,-0.08,-2.5,-,-,-,-,-,-,-,-,-,-,-,-,-,-,-,-
79,2504,2001Q2,-,-,3.18,4.88,-3.32,-51.1,-,-,-,-,-,-,-,-,-,-,-,-,-,-,-,-
80,2504,2001Q1,-,-,6.5,5.24,+3.37,+108,-,-,-,-,-,-,-,-,-,-,-,-,-,-,-,-
81,2504,2000Q4,115,44,3.13,4.5,-2.22,-41.5,-,-,-,-,3.37,-,-,-,-,2.68,10.7,1.41,5.63,0.69,+0.83,10.95
82,2504,2000Q3,-,-,5.35,6.48,-2.15,-28.7,-,-,-,-,-,-,-,-,-,-,-,-,-,-,-,-
83,2504,2000Q2,-,-,7.5,8.79,-3.3,-30.6,-,-,-,-,-,-,-,-,-,-,-,-,-,-,-,-
84,2504,2000Q1,-,-,10.8,10.4,+2.55,+30.9,-,-,-,-,-,-,-,-,-,-,-,-,-,-,-,-
85,2504,1999Q4,115,26,8.55,9.65,-1.7,-16.6,-,-,-,-,-1.64,-,-,-,-,-1.28,-5.1,-0.73,-2.91,-0.14,-,11.17
86,2504,1999Q3,-,-,10.25,9.66,+0.1,+1,-,-,-,-,-,-,-,-,-,-,-,-,-,-,-,-
87,2504,1999Q2,-,-,10.15,11.8,-1,-9,-,-,-,-,-,-,-,-,-,-,-,-,-,-,-,-
88,2504,1999Q1,-,-,11.15,10.2,-0.7,-5.9,-,-,-,-,-,-,-,-,-,-,-,-,-,-,-,-
89,2504,1998Q4,-,-,11.85,13.6,-2.25,-16,-,-,-,-,-,-,-,-,-,-,-,-,-,-,-,-
90,2504,1998Q3,-,-,14.1,15.9,-6,-29.9,-,-,-,-,-,-,-,-,-,-,-,-,-,-,-,-
91,2504,1998Q2,-,-,20.1,21,-3,-13,-,-,-,-,-,-,-,-,-,-,-,-,-,-,-,-
92,2504,1998Q1,-,-,23.1,23,-1,-4.1,-,-,-,-,-,-,-,-,-,-,-,-,-,-,-,-
93,2504,1997Q4,-,-,24.1,22.5,-1.4,-5.5,-,-,-,-,-,-,-,-,-,-,-,-,-,-,-,-
94,2504,1997Q3,-,-,25.5,23.5,+3.5,+15.9,-,-,-,-,-,-,-,-,-,-,-,-,-,-,-,-
95,2504,1997Q2,-,-,22,22.3,-1.5,-6.4,-,-,-,-,-,-,-,-,-,-,-,-,-,-,-,-
96,2504,1997Q1,-,-,23.5,23.2,+2.7,+13,-,-,-,-,-,-,-,-,-,-,-,-,-,-,-,-
97,2504,1996Q4,-,-,20.8,21.2,-1.7,-7.6,-,-,-,-,-,-,-,-,-,-,-,-,-,-,-,-
98,2504,1996Q3,-,-,22.5,22.5,-2.2,-8.9,-,-,-,-,-,-,-,-,-,-,-,-,-,-,-,-
99,2504,1996Q2,-,-,24.7,23.7,+4.2,+20.5,-,-,-,-,-,-,-,-,-,-,-,-,-,-,-,-
100,2504,1996Q1,-,-,20.5,19.5,+0.3,+1.5,-,-,-,-,-,-,-,-,-,-,-,-,-,-,-,-
101,2504,1995Q4,-,-,20.2,19.3,+1,+5.2,-,-,-,-,-,-,-,-,-,-,-,-,-,-,-,-
102,2504,1995Q3,-,-,19.2,19.6,-2.6,-11.9,-,-,-,-,-,-,-,-,-,-,-,-,-,-,-,-
103,2504,1995Q2,-,-,21.8,26.7,-10.3,-32.1,-,-,-,-,-,-,-,-,-,-,-,-,-,-,-,-
104,2504,1995Q1,-,-,32.1,33.8,-5.3,-14.2,-,-,-,-,-,-,-,-,-,-,-,-,-,-,-,-
105,2504,1994Q4,-,-,37.4,34.1,-0.2,-0.5,-,-,-,-,-,-,-,-,-,-,-,-,-,-,-,-
106,2504,1994Q3,-,-,37.6,33.1,+3.81,+11.3,-,-,-,-,-,-,-,-,-,-,-,-,-,-,-,-
107,2504,1994Q2,-,-,33.79,32.3,+5.69,+20.2,-,-,-,-,-,-,-,-,-,-,-,-,-,-,-,-
108,2504,1994Q1,-,-,28.1,29.6,-3.5,-11.1,-,-,-,-,-,-,-,-,-,-,-,-,-,-,-,-
109,2504,1993Q4,-,-,31.6,24.5,+9.9,+45.6,-,-,-,-,-,-,-,-,-,-,-,-,-,-,-,-
110,2504,1993Q3,-,-,21.7,24.2,-6.8,-23.9,-,-,-,-,-,-,-,-,-,-,-,-,-,-,-,-
111,2504,1993Q2,-,-,28.5,31,-3.7,-11.5,-,-,-,-,-,-,-,-,-,-,-,-,-,-,-,-
112,2504,1993Q1,-,-,32.2,29.9,+6.2,+23.8,-,-,-,-,-,-,-,-,-,-,-,-,-,-,-,-
113,2504,1992Q4,-,-,26,29.5,-2.2,-7.8,-,-,-,-,-,-,-,-,-,-,-,-,-,-,-,-
114,2504,1992Q3,-,-,28.2,31.9,-6.3,-18.3,-,-,-,-,-,-,-,-,-,-,-,-,-,-,-,-
115,2504,1992Q2,-,-,34.5,38.1,-8.8,-20.3,-,-,-,-,-,-,-,-,-,-,-,-,-,-,-,-
116,2504,1992Q1,-,-,43.3,44.6,+2.51,+6.2,-,-,-,-,-,-,-,-,-,-,-,-,-,-,-,-
117,2504,1991Q4,-,-,40.79,36.3,+1.09,+2.7,-,-,-,-,-,-,-,-,-,-,-,-,-,-,-,-
118,2504,1991Q3,-,-,39.7,43,-12.3,-23.7,-,-,-,-,-,-,-,-,-,-,-,-,-,-,-,-
119,2504,1991Q2,-,-,52,53.2,+2.7,+5.5,-,-,-,-,-,-,-,-,-,-,-,-,-,-,-,-
120,2504,1991Q1,-,-,49.3,38.5,+12.8,+35.1,-,-,-,-,-,-,-,-,-,-,-,-,-,-,-,-
