ID,sid,季度,股本(億),財報評分,季度股價(元)收盤,季度股價(元)平均,季度股價(元)漲跌,季度股價(元)漲跌(%),獲利金額(億)營業收入,獲利金額(億)營業毛利,獲利金額(億)營業利益,獲利金額(億)業外損益,獲利金額(億)稅後淨利,獲利率(%)營業毛利,獲利率(%)營業利益,獲利率(%)業外損益,獲利率(%)稅後淨利,單季ROE(%),年估ROE(%),單季ROA(%),年估ROA(%),EPS(元)稅後EPS,EPS(元)年增(元),BPS(元)
0,2809,2021Q1,-,-,39.8,39.2,+1,+2.6,-,-,-,-,-,-,-,-,-,-,-,-,-,-,-,-
1,2809,2020Q4,112,53,38.8,38.7,+1.8,+4.9,26.2,-,-,-,18.1,-,-,-,68.9,4.04,16.2,0.57,2.26,1.61,+0.4,41.66
2,2809,2020Q3,112,53,37,36.2,+1.1,+3.1,28.5,-,-,-,17,-,-,-,59.6,4.08,16.3,0.56,2.22,1.52,+0.42,38.27
3,2809,2020Q2,112,53,35.9,32.7,+7.55,+26.6,18.8,-,-,-,10.9,-,-,-,58.3,2.85,11.4,0.38,1.5,0.97,+1.89,36.2
4,2809,2020Q1,113,50,28.35,33.9,-5.15,-15.4,15.6,-,-,-,8.94,-,-,-,57.3,2.31,9.25,0.32,1.26,0.79,-0.81,32.47
5,2809,2019Q4,113,53,33.5,32.4,+2.65,+8.6,21.6,-,-,-,13.7,-,-,-,63.6,3.43,13.7,0.49,1.95,1.21,+1.89,36.28
6,2809,2019Q3,113,50,30.85,31.7,-2.95,-8.7,19.4,-,-,-,12.6,-,-,-,64.8,3.29,13.2,0.45,1.8,1.1,-0.05,34.57
7,2809,2019Q2,114,25,33.8,33.2,+1.8,+5.6,18,-,-,-,-10.6,-,-,-,-58.8,-2.77,-11.1,-0.37,-1.5,-0.92,-1.83,32.63
8,2809,2019Q1,114,53,32,30.9,+3.15,+10.9,26,-,-,-,18.3,-,-,-,70.4,4.92,19.7,0.64,2.57,1.6,+0.47,34.33
9,2809,2018Q4,115,25,28.85,30.3,-1.85,-6,13,-,-,-,-7.82,-,-,-,-60.1,-2.15,-8.6,-0.28,-1.11,-0.68,-1.84,30.83
10,2809,2018Q3,115,53,30.7,31.4,-2,-6.1,19.5,-,-,-,13.2,-,-,-,67.9,3.58,14.3,0.47,1.88,1.15,-0.19,32.68
11,2809,2018Q2,115,50,32.7,34.7,-4.3,-11.6,17.9,-,-,-,10.4,-,-,-,58.4,2.82,11.3,0.38,1.51,0.91,-0.41,31.56
12,2809,2018Q1,115,50,37,39.5,-0.25,-0.7,19.6,-,-,-,12.9,-,-,-,65.9,3.46,13.9,0.47,1.9,1.13,+0.05,32.93
13,2809,2017Q4,115,47,37.25,34.3,+5.25,+16.4,24.6,-,-,-,13.3,-,-,-,53.9,3.6,14.4,0.49,1.97,1.16,+0.11,32.25
14,2809,2017Q3,115,47,32,31.7,+0.6,+1.9,22.4,-,-,-,15.3,-,-,-,68.4,4.32,17.3,0.59,2.38,1.34,+0.13,31.94
15,2809,2017Q2,115,44,31.4,30.1,+1.25,+4.1,23.8,-,-,-,15.1,-,-,-,63.4,4.39,17.6,0.61,2.42,1.32,+0.37,30.06
16,2809,2017Q1,115,44,30.15,29.1,+2,+7.1,19.2,-,-,-,12.4,-,-,-,64.5,3.69,14.8,0.5,2.01,1.08,+0.12,30.01
17,2809,2016Q4,115,47,28.15,26.9,+1.7,+6.4,17.2,-,-,-,12,-,-,-,70,3.68,14.7,0.5,1.99,1.05,+0.38,28.62
18,2809,2016Q3,115,50,26.45,25.4,+5.1,+23.9,20.9,-,-,-,13.8,-,-,-,66.1,4.37,17.5,0.58,2.33,1.21,+0.79,28.5
19,2809,2016Q2,115,47,21.35,21.7,-0.8,-3.6,18.4,-,-,-,10.9,-,-,-,59.4,3.62,14.5,0.46,1.83,0.95,-0.08,26.85
20,2809,2016Q1,115,47,22.15,21.5,-1.25,-5.3,18.8,-,-,-,11,-,-,-,58.9,3.81,15.3,0.46,1.85,0.96,+0.01,25.84
21,2809,2015Q4,120,50,23.4,24.2,+0.05,+0.2,12.1,-,-,-,7.96,-,-,-,65.9,2.84,11.4,0.34,1.34,0.67,-0.29,24.52
22,2809,2015Q3,120,47,23.35,24.7,-3.45,-12.9,9.44,-,-,-,4.98,-,-,-,52.8,1.78,7.13,0.21,0.83,0.42,-0.54,23.31
23,2809,2015Q2,120,50,26.8,29.3,-3.15,-10.5,21.8,-,-,-,12.4,-,-,-,57.1,4.34,17.3,0.52,2.07,1.03,-0.32,23.61
24,2809,2015Q1,120,50,29.95,33,-2.9,-8.8,18,-,-,-,11.5,-,-,-,63.9,4.09,16.4,0.48,1.94,0.95,-0.1,24.09
25,2809,2014Q4,120,50,32.85,32.8,-0.8,-2.4,19.3,-,-,-,11.6,-,-,-,59.9,4.25,17,0.5,1.99,0.96,-0.01,22.6
26,2809,2014Q3,120,50,33.65,31.5,+4.85,+16.8,16.2,-,-,-,11.5,-,-,-,71,4.27,17.1,0.51,2.02,0.96,+0.04,22.77
27,2809,2014Q2,120,53,28.8,28.6,+0.55,+1.9,24.5,-,-,-,16.2,-,-,-,66.2,6.17,24.7,0.73,2.9,1.35,+0.67,22.11
28,2809,2014Q1,120,53,28.25,28.8,-0.15,-0.5,17.6,-,-,-,12.6,-,-,-,71.9,5.03,20.1,0.58,2.32,1.05,+0.07,21.65
29,2809,2013Q4,120,50,28.4,26.3,+3.25,+12.9,17.2,-,-,-,11.4,-,-,-,66.3,4.84,19.3,0.54,2.14,0.97,+0.04,20.24
30,2809,2013Q3,120,53,25.15,25.6,-0.35,-1.4,17.6,-,-,-,11,-,-,-,62.9,5.02,20.1,0.53,2.1,0.92,+0.04,19.04
31,2809,2013Q2,120,53,25.5,26.8,-2.1,-7.6,14.7,-,-,-,8.24,-,-,-,56.1,3.78,15.1,0.41,1.62,0.68,-0.1,17.61
32,2809,2013Q1,120,50,27.6,25.8,+5.85,+26.9,18.3,-,-,-,10.7,-,-,-,58.7,5.04,20.2,0.55,2.19,0.98,+0.29,18.74
33,2809,2012Q4,105,53,21.75,20.6,+1.25,+6.1,14.5,-,-,-,9.75,-,-,-,67.4,5.1,20.4,0.51,2.03,0.93,+0.23,19.12
34,2809,2012Q3,105,53,20.5,19.8,+3.05,+17.5,14.7,-,-,-,9.26,-,-,-,62.8,5.22,20.9,0.49,1.96,0.88,+0.34,17.39
35,2809,2012Q2,105,50,17.45,17.4,-1.55,-8.2,13.8,-,-,-,8.2,-,-,-,59.6,4.89,19.6,0.44,1.77,0.78,+0.23,16.45
36,2809,2012Q1,105,53,19,19.1,+1.95,+11.4,12.3,-,-,-,7.24,-,-,-,58.8,4.55,18.2,0.4,1.61,0.69,+0.01,15.68
37,2809,2011Q4,105,50,17.05,17.7,+0.05,+0.3,11.7,-,-,-,7.31,-,-,-,62.5,4.8,19.2,0.41,1.65,0.7,+0.22,14.95
38,2809,2011Q3,105,47,17,19.4,-2.25,-11.7,10.1,-,-,-,5.67,-,-,-,56.3,3.87,15.5,0.32,1.29,0.54,+0.03,14.19
39,2809,2011Q2,105,50,19.25,18.2,+2.7,+16.3,11.2,-,-,-,5.73,-,-,-,51.1,4.06,16.2,0.33,1.33,0.55,+0.05,13.72
40,2809,2011Q1,105,53,16.55,16.9,-0.45,-2.6,11,-,-,-,7.18,-,-,-,65.4,5.34,21.4,0.42,1.7,0.68,+0.41,13.16
41,2809,2010Q4,105,47,17,14.6,+2.55,+17.6,9.43,-,-,-,5.07,-,-,-,53.8,3.94,15.8,0.3,1.21,0.48,+0.47,12.45
42,2809,2010Q3,105,50,14.45,13.6,+3.8,+35.7,9.8,-,-,-,5.34,-,-,-,54.5,4.32,17.3,0.33,1.33,0.51,+0.44,12.04
43,2809,2010Q2,105,50,10.65,9.2,+1.66,+18.5,8.97,-,-,-,5.26,-,-,-,58.7,4.46,17.8,0.33,1.33,0.5,+0.54,11.47
44,2809,2010Q1,105,44,8.99,8.51,-0.19,-2.1,9.09,-,-,-,2.79,-,-,-,30.7,2.46,9.84,0.17,0.69,0.27,+0.29,10.99
45,2809,2009Q4,105,41,9.18,8.5,+1.12,+13.9,7.57,-,-,-,0.15,-,-,-,1.93,0.13,0.53,0.01,0.04,0.01,+0.01,10.62
46,2809,2009Q3,105,34,8.06,7.65,+0.83,+11.5,7.89,-,-,-,0.71,-,-,-,9.04,0.65,2.61,0.04,0.18,0.07,+0.2,10.52
47,2809,2009Q2,105,22,7.23,7,+1.64,+29.3,6.87,-,-,-,-0.37,-,-,-,-5.43,-0.34,-1.36,-0.02,-0.09,-0.04,-0.1,10.45
48,2809,2009Q1,105,25,5.59,5.3,-0.19,-3.3,5.62,-,-,-,-0.23,-,-,-,-4.15,-0.21,-0.85,-0.02,-0.06,-0.02,-0.14,10.59
49,2809,2008Q4,105,41,5.78,5.93,-1.62,-21.9,6.66,-,-,-,0,-,-,-,0.04,0,0.01,0,0,0,-0.07,10.6
50,2809,2008Q3,108,28,7.4,8.47,-1.8,-19.6,4.35,-,-,-,-1.31,-,-,-,-30.2,-1.18,-4.7,-0.08,-0.33,-0.13,-0.22,10.35
51,2809,2008Q2,108,34,9.2,10.5,-0.8,-8,7.96,-,-,-,0.66,-,-,-,8.32,0.59,2.35,0.04,0.16,0.06,0,10.49
52,2809,2008Q1,108,41,10,9.33,+1.4,+16.3,8.69,-,-,-,1.26,-,-,-,14.4,1.12,4.47,0.07,0.29,0.12,+0.11,10.41
53,2809,2007Q4,108,34,8.6,10.5,-3.25,-27.4,7.5,-,-,-,0.73,-,-,-,9.74,0.65,2.59,0.04,0.17,0.07,+0.18,10.36
54,2809,2007Q3,108,41,11.85,11.7,+1.15,+10.7,8.25,-,-,-,0.98,-,-,-,11.9,0.87,3.48,0.05,0.22,0.09,-,10.42
55,2809,2007Q2,108,38,10.7,9.67,+1.28,+13.6,8.14,-,-,-,0.7,-,-,-,8.62,0.63,2.51,0.04,0.15,0.06,0,10.33
56,2809,2007Q1,108,38,9.42,9.81,-0.93,-9,7.91,-,-,-,1.07,-,-,-,13.5,0.96,3.86,0.06,0.22,0.01,-,10.25
57,2809,2006Q4,108,41,10.35,10.2,+0.2,+2,29.4,-,-,-,1.25,-,-,-,4.25,1.14,4.55,0.06,0.25,-0.11,+1.14,10.15
58,2809,2006Q3,-,-,10.15,9.34,+0.05,+0.5,-,-,-,-,-,-,-,-,-,-,-,-,-,-,-,-
59,2809,2006Q2,108,38,10.1,10.3,+0.16,+1.6,12.2,-,-,-,1.79,-,-,-,14.7,1.62,6.47,0.11,0.44,0.06,-0.24,10.22
60,2809,2006Q1,-,-,9.94,10.5,-1.66,-14.3,-,-,-,-,-,-,-,-,-,-,-,-,-,-,-,-
61,2809,2005Q4,108,33,11.6,10.5,+0.5,+4.5,-,-,-,-,-9.83,-,-,-,-,-9.01,-36.1,-0.64,-2.55,-1.25,-,10.05
62,2809,2005Q3,-,-,11.1,11.7,-1.5,-11.9,-,-,-,-,-,-,-,-,-,-,-,-,-,-,-,-
63,2809,2005Q2,72.4,46,12.6,12.9,-2.5,-16.6,-,-,-,-,2.16,-,-,-,-,2.77,11.1,0.15,0.59,0.3,-,10.76
64,2809,2005Q1,-,-,15.1,16.1,-1.2,-7.4,-,-,-,-,-,-,-,-,-,-,-,-,-,-,-,-
65,2809,2004Q4,-,-,16.3,15.5,+1.8,+12.4,-,-,-,-,-,-,-,-,-,-,-,-,-,-,-,-
66,2809,2004Q3,-,-,14.5,11.3,+3.5,+31.8,-,-,-,-,-,-,-,-,-,-,-,-,-,-,-,-
67,2809,2004Q2,-,-,11,12.2,-3.1,-22,-,-,-,-,-,-,-,-,-,-,-,-,-,-,-,-
68,2809,2004Q1,-,-,14.1,11.6,+6.8,+93.2,-,-,-,-,-,-,-,-,-,-,-,-,-,-,-,-
69,2809,2003Q4,-,-,7.3,6.82,+1.2,+19.7,-,-,-,-,-,-,-,-,-,-,-,-,-,-,-,-
70,2809,2003Q3,-,-,6.1,6.21,-0.1,-1.6,-,-,-,-,-,-,-,-,-,-,-,-,-,-,-,-
71,2809,2003Q2,-,-,6.2,5.53,+0.95,+18.1,-,-,-,-,-,-,-,-,-,-,-,-,-,-,-,-
72,2809,2003Q1,-,-,5.25,6.38,-0.4,-7.1,-,-,-,-,-,-,-,-,-,-,-,-,-,-,-,-
73,2809,2002Q4,-,-,5.65,4.71,+2.02,+55.6,-,-,-,-,-,-,-,-,-,-,-,-,-,-,-,-
74,2809,2002Q3,-,-,3.63,5.23,-2.82,-43.7,-,-,-,-,-,-,-,-,-,-,-,-,-,-,-,-
75,2809,2002Q2,-,-,6.45,6.78,+1.4,+27.7,-,-,-,-,-,-,-,-,-,-,-,-,-,-,-,-
76,2809,2002Q1,-,-,5.05,4.22,+1.03,+25.6,-,-,-,-,-,-,-,-,-,-,-,-,-,-,-,-
77,2809,2001Q4,-,-,4.02,3.74,+0.5,+14.2,-,-,-,-,-,-,-,-,-,-,-,-,-,-,-,-
78,2809,2001Q3,-,-,3.52,3.47,-0.35,-9,-,-,-,-,-,-,-,-,-,-,-,-,-,-,-,-
79,2809,2001Q2,-,-,3.87,4.19,-1.13,-22.6,-,-,-,-,-,-,-,-,-,-,-,-,-,-,-,-
80,2809,2001Q1,-,-,5,4.88,+1.33,+36.2,-,-,-,-,-,-,-,-,-,-,-,-,-,-,-,-
81,2809,2000Q4,-,-,3.67,4.6,-1.88,-33.9,-,-,-,-,-,-,-,-,-,-,-,-,-,-,-,-
82,2809,2000Q3,-,-,5.55,6.79,-1.55,-21.8,-,-,-,-,-,-,-,-,-,-,-,-,-,-,-,-
83,2809,2000Q2,-,-,7.1,8.32,-2.2,-23.7,-,-,-,-,-,-,-,-,-,-,-,-,-,-,-,-
84,2809,2000Q1,-,-,9.3,9.77,+2,+27.4,-,-,-,-,-,-,-,-,-,-,-,-,-,-,-,-
85,2809,1999Q4,-,-,7.3,8.25,-2.1,-22.3,-,-,-,-,-,-,-,-,-,-,-,-,-,-,-,-
86,2809,1999Q3,-,-,9.4,11.6,-5.4,-36.5,-,-,-,-,-,-,-,-,-,-,-,-,-,-,-,-
87,2809,1999Q2,-,-,14.8,17.7,-5,-25.3,-,-,-,-,-,-,-,-,-,-,-,-,-,-,-,-
88,2809,1999Q1,-,-,19.8,19.3,+3.41,+20.8,-,-,-,-,-,-,-,-,-,-,-,-,-,-,-,-
89,2809,1998Q4,-,-,16.39,21,-6.31,-27.8,-,-,-,-,-,-,-,-,-,-,-,-,-,-,-,-
90,2809,1998Q3,-,-,22.7,24.3,-4.9,-17.8,-,-,-,-,-,-,-,-,-,-,-,-,-,-,-,-
91,2809,1998Q2,-,-,27.6,29.4,-4.4,-13.7,-,-,-,-,-,-,-,-,-,-,-,-,-,-,-,-
92,2809,1998Q1,-,-,32,31.6,-1.1,-3.3,-,-,-,-,-,-,-,-,-,-,-,-,-,-,-,-
93,2809,1997Q4,-,-,33.1,32.9,+0.2,+0.6,-,-,-,-,-,-,-,-,-,-,-,-,-,-,-,-
94,2809,1997Q3,-,-,32.9,39.2,-14.4,-30.4,-,-,-,-,-,-,-,-,-,-,-,-,-,-,-,-
95,2809,1997Q2,-,-,47.3,50.4,-5.2,-9.9,-,-,-,-,-,-,-,-,-,-,-,-,-,-,-,-
96,2809,1997Q1,-,-,52.5,52.5,+3.5,+7.1,-,-,-,-,-,-,-,-,-,-,-,-,-,-,-,-
97,2809,1996Q4,-,-,49,49.6,0,0,-,-,-,-,-,-,-,-,-,-,-,-,-,-,-,-
98,2809,1996Q3,-,-,49,51.3,-10,-16.9,-,-,-,-,-,-,-,-,-,-,-,-,-,-,-,-
99,2809,1996Q2,-,-,59,61.6,+2.5,+4.4,-,-,-,-,-,-,-,-,-,-,-,-,-,-,-,-
100,2809,1996Q1,-,-,56.5,56.2,-7,-11,-,-,-,-,-,-,-,-,-,-,-,-,-,-,-,-
101,2809,1995Q4,-,-,63.5,55.2,+7,+12.4,-,-,-,-,-,-,-,-,-,-,-,-,-,-,-,-
102,2809,1995Q3,-,-,56.5,54.5,-3.5,-5.8,-,-,-,-,-,-,-,-,-,-,-,-,-,-,-,-
103,2809,1995Q2,-,-,60,75.4,-24.5,-29,-,-,-,-,-,-,-,-,-,-,-,-,-,-,-,-
104,2809,1995Q1,-,-,84.5,87.3,-6,-6.6,-,-,-,-,-,-,-,-,-,-,-,-,-,-,-,-
105,2809,1994Q4,-,-,90.5,88.4,-3.5,-3.7,-,-,-,-,-,-,-,-,-,-,-,-,-,-,-,-
106,2809,1994Q3,-,-,94,96.6,-4,-4.1,-,-,-,-,-,-,-,-,-,-,-,-,-,-,-,-
107,2809,1994Q2,-,-,98,99.3,+10,+11.4,-,-,-,-,-,-,-,-,-,-,-,-,-,-,-,-
108,2809,1994Q1,-,-,88,95.4,-21.5,-19.6,-,-,-,-,-,-,-,-,-,-,-,-,-,-,-,-
109,2809,1993Q4,-,-,109.5,72.8,+45.5,+71.1,-,-,-,-,-,-,-,-,-,-,-,-,-,-,-,-
110,2809,1993Q3,-,-,64,72.1,-15,-19,-,-,-,-,-,-,-,-,-,-,-,-,-,-,-,-
111,2809,1993Q2,-,-,79,90.3,-24,-23.3,-,-,-,-,-,-,-,-,-,-,-,-,-,-,-,-
112,2809,1993Q1,-,-,103,80.7,+36,+53.7,-,-,-,-,-,-,-,-,-,-,-,-,-,-,-,-
113,2809,1992Q4,-,-,67,75.2,-11.5,-14.6,-,-,-,-,-,-,-,-,-,-,-,-,-,-,-,-
114,2809,1992Q3,-,-,78.5,90.9,-27.5,-25.9,-,-,-,-,-,-,-,-,-,-,-,-,-,-,-,-
115,2809,1992Q2,-,-,106,102,-5.5,-4.9,-,-,-,-,-,-,-,-,-,-,-,-,-,-,-,-
116,2809,1992Q1,-,-,111.5,118,+4.5,+4.2,-,-,-,-,-,-,-,-,-,-,-,-,-,-,-,-
117,2809,1991Q4,-,-,107,105,-16,-13,-,-,-,-,-,-,-,-,-,-,-,-,-,-,-,-
118,2809,1991Q3,-,-,123,133,-50,-28.9,-,-,-,-,-,-,-,-,-,-,-,-,-,-,-,-
119,2809,1991Q2,-,-,173,225,-15,-8,-,-,-,-,-,-,-,-,-,-,-,-,-,-,-,-
120,2809,1991Q1,-,-,188,178,+12,+6.8,-,-,-,-,-,-,-,-,-,-,-,-,-,-,-,-
