ID,sid,季度,股本(億),財報評分,季度股價(元)收盤,季度股價(元)平均,季度股價(元)漲跌,季度股價(元)漲跌(%),獲利金額(億)營業收入,獲利金額(億)營業毛利,獲利金額(億)營業利益,獲利金額(億)業外損益,獲利金額(億)稅後淨利,獲利率(%)營業毛利,獲利率(%)營業利益,獲利率(%)業外損益,獲利率(%)稅後淨利,單季ROE(%),年估ROE(%),單季ROA(%),年估ROA(%),EPS(元)稅後EPS,EPS(元)年增(元),BPS(元)
0,1711,2021Q1,-,-,15.45,16.1,-1.6,-9.4,-,-,-,-,-,-,-,-,-,-,-,-,-,-,-,-
1,1711,2020Q4,-,-,17.05,16.5,+1.05,+6.6,-,-,-,-,-,-,-,-,-,-,-,-,-,-,-,-
2,1711,2020Q3,54.8,40,16,16.4,+1.25,+8.5,18.6,3.35,-0.01,0.23,0.26,18,-0.03,1.22,1.26,0.29,1.16,0.18,0.71,0.05,-0.12,14.34
3,1711,2020Q2,54.8,40,14.75,14.3,+2.6,+21.4,15.2,3.02,-0.09,0.51,0.38,19.8,-0.61,3.37,2.23,0.43,1.71,0.25,1.02,0.07,-0.1,14.06
4,1711,2020Q1,54.8,38,12.15,14.5,-3.45,-22.1,22.7,4.52,0.87,-0.04,0.63,19.9,3.84,-0.19,2.94,0.83,3.34,0.49,1.98,0.12,-0.11,13.74
5,1711,2019Q4,54.8,40,15.6,15.8,-0.7,-4.3,22.4,4.68,0.67,-0.03,0.48,20.9,2.99,-0.16,1.75,0.48,1.92,0.28,1.12,0.09,-0.03,14.28
6,1711,2019Q3,54.8,43,16.3,16.7,-0.25,-1.5,23.4,4.94,0.72,0.37,0.93,21.1,3.09,1.6,3.76,1.09,4.35,0.62,2.46,0.17,-0.08,14.2
7,1711,2019Q2,54.8,40,16.55,16.8,-0.55,-3.2,24.5,5.51,1.25,-0.02,0.96,22.5,5.09,-0.09,3.9,1.18,4.74,0.67,2.68,0.17,0,13.95
8,1711,2019Q1,54.8,43,17.1,16.5,+0.85,+5.2,23,5.24,1.4,0.21,1.25,22.7,6.06,0.91,5.49,1.58,6.3,0.9,3.61,0.23,+0.04,14.29
9,1711,2018Q4,54.8,43,16.25,16.1,-1.55,-8.7,22.3,5.11,0.83,0.16,0.64,22.9,3.73,0.71,2.81,0.79,3.15,0.45,1.8,0.12,-0.08,13.87
10,1711,2018Q3,54.8,43,17.8,18,-0.8,-4.3,25,5.78,1.51,0.23,1.39,23.1,6.02,0.93,5.74,1.8,7.19,1.03,4.12,0.25,+0.05,13.96
11,1711,2018Q2,54.8,38,18.6,18.4,+0.9,+5.1,25.7,5.71,1.48,-0.31,0.95,22.2,5.73,-1.19,3.79,1.2,4.81,0.7,2.81,0.17,+0.07,14.05
12,1711,2018Q1,54.8,43,17.7,18.3,-1.25,-6.6,23.2,5.06,1.26,0.04,1.03,21.8,5.45,0.16,4.5,1.28,5.13,0.76,3.03,0.19,+0.02,14.43
13,1711,2017Q4,54.8,43,18.95,18.8,+0.25,+1.3,23.7,5.3,1.11,0.26,1.1,22.4,4.69,1.1,4.66,1.38,5.52,0.81,3.25,0.2,+0.13,14.1
14,1711,2017Q3,54.8,43,18.7,18.3,+0.45,+2.5,22.1,4.62,0.57,0.78,1.11,20.9,2.59,3.53,5.13,1.43,5.73,0.84,3.37,0.2,-0.06,13.94
15,1711,2017Q2,54.8,43,18.25,19.1,-2.3,-11.2,22.8,4.88,0.79,0.06,0.54,21.4,3.46,0.26,2.29,0.66,2.63,0.39,1.56,0.1,-0.14,13.77
16,1711,2017Q1,54.8,45,20.55,21.1,+0.4,+2,23.2,4.9,1.16,0,0.92,21.1,4.99,0,4.08,1.18,4.73,0.7,2.81,0.17,-0.13,14.09
17,1711,2016Q4,54.8,36,20.15,20,-0.5,-2.4,23.6,4.16,-0.07,0.52,0.38,17.7,-0.29,2.23,1.54,0.45,1.81,0.27,1.07,0.07,-0.16,13.98
18,1711,2016Q3,54.8,40,20.65,20.6,-0.55,-2.6,22.9,4.93,0.9,0.74,1.43,21.5,3.94,3.22,6.08,1.73,6.91,1.03,4.12,0.26,-0.1,14.18
19,1711,2016Q2,52.2,40,21.2,20.4,+1,+5,25.1,6,1.91,-0.27,1.33,24,7.62,-1.06,5.49,1.7,6.81,1.03,4.12,0.24,+0.02,14.83
20,1711,2016Q1,52.2,43,20.2,20.3,+0.15,+0.7,22.9,5.89,1.93,0.06,1.55,25.7,8.42,0.24,7,2,8,1.21,4.83,0.3,+0.01,14.88
21,1711,2015Q4,52.2,38,20.05,20.2,+3.5,+21.1,23.7,6.1,1.73,-0.11,1.18,25.7,7.31,-0.45,5.02,1.5,6.02,0.9,3.59,0.23,+0.24,14.66
22,1711,2015Q3,52.2,43,16.55,19,-7.45,-31,22.7,5.59,1.65,0.73,1.88,24.6,7.26,3.21,8.29,2.42,9.66,1.43,5.71,0.36,+0.06,14.39
23,1711,2015Q2,49.7,40,24,26.1,-5.7,-19.2,24.6,5.43,1.35,0.02,1.14,22.1,5.47,0.08,4.82,1.52,6.09,0.91,3.64,0.22,-0.27,14.92
24,1711,2015Q1,49.7,40,29.7,27.7,+1.7,+6.1,24.3,5.73,2,-0.12,1.45,23.5,8.21,-0.48,6.08,1.89,7.58,1.15,4.62,0.29,-0.11,15.18
25,1711,2014Q4,49.7,32,28,25.5,-1.15,-3.9,23.2,4.14,0.02,0.15,-0.06,17.8,0.09,0.66,-0.37,-0.11,-0.45,-0.07,-0.27,-0.01,-0.33,14.93
26,1711,2014Q3,49.7,38,29.15,32.7,-5.05,-14.8,24,5.34,1.33,0.38,1.47,22.3,5.54,1.59,6.1,1.89,7.55,1.13,4.52,0.3,-0.11,14.9
27,1711,2014Q2,47.3,47,34.2,30.5,+6.85,+25,28.4,7.3,3.28,-0.06,2.46,25.7,11.5,-0.2,8.87,3.27,13.1,2.01,8.02,0.49,+0.15,15.75
28,1711,2014Q1,47.3,45,27.35,26,+2.95,+12.1,23.4,5.71,2.14,0.24,1.92,24.4,9.15,1.01,8.48,2.65,10.6,1.66,6.64,0.4,+0.21,15.56
29,1711,2013Q4,47.3,43,24.4,25.2,-1.5,-5.8,22.9,5.71,1.76,-0.02,1.52,24.9,7.68,-0.09,6.77,2.15,8.62,1.35,5.42,0.32,+0.84,14.84
30,1711,2013Q3,47.3,47,25.9,21.6,+5.2,+25.1,22.2,5.38,1.6,0.72,1.92,24.2,7.2,3.23,8.77,2.81,11.2,1.75,7.01,0.41,+0.1,14.38
31,1711,2013Q2,45.1,45,20.7,20.7,-0.25,-1.2,22.8,5.56,1.86,0.24,1.6,24.4,8.13,1.05,7.32,2.45,9.8,1.55,6.18,0.34,+0.06,14.39
32,1711,2013Q1,45.1,38,20.95,21.1,-0.7,-3.2,19.7,4.33,1.06,-0.09,0.84,22,5.36,-0.47,3.65,1.06,4.25,0.68,2.71,0.19,-1.22,14.58
33,1711,2012Q4,45.1,34,21.65,19.1,+2.1,+10.7,19.3,4.02,0.55,-2.66,-2.35,20.8,2.84,-13.8,-12.3,-3.52,-14.1,-2.23,-8.93,-0.52,-0.67,14.35
34,1711,2012Q3,45.1,49,19.55,18.7,+2.6,+15.3,20.9,4.81,1.31,0.4,1.42,23,6.26,1.92,6.96,2.15,8.61,1.35,5.39,0.31,+0.08,14.6
35,1711,2012Q2,42.9,43,18.3,18.7,-1.8,-9,21,5.35,1.89,-0.16,1.34,25.5,9.01,-0.77,6.66,2.06,8.23,1.31,5.22,0.28,-0.13,15.19
36,1711,2012Q1,42.9,64,20.1,19.6,+4.15,+26,18.9,3.82,0.79,5.43,6.18,20.2,4.18,28.8,32.5,9.28,37.1,6.01,24,1.41,+1.1,15.61
37,1711,2011Q4,42.9,40,15.95,17,-0.25,-1.5,17.9,3.48,0.23,-,0.63,19.4,1.31,-,3.37,0.96,3.83,0.6,2.42,0.15,-0.09,14.22
38,1711,2011Q3,42.9,42,16.2,20.7,-10.8,-40,18.1,3.78,0.57,-,0.98,20.9,3.13,-,5.37,1.55,6.21,0.96,3.82,0.23,-0.26,14
39,1711,2011Q2,39,47,27,27.4,-3.4,-11.2,18.9,4.19,1.14,-,1.77,22.3,6.04,-,9.52,2.86,11.4,1.8,7.21,0.41,-0.27,15.27
40,1711,2011Q1,39,42,30.4,31.5,-1.05,-3.3,18.5,4.2,1.35,-,1.22,22.7,7.28,-,6.86,2.05,8.18,1.34,5.36,0.31,-0.13,15.55
41,1711,2010Q4,39,45,31.45,34.5,-6.05,-16.1,14,4.19,0.72,0.34,0.95,29.9,5.17,2.4,7.07,1.63,6.52,1.08,4.33,0.24,-0.17,14.94
42,1711,2010Q3,39,49,37.5,32.4,+10.75,+40.2,24.7,5.12,2.13,0.35,1.89,20.7,8.62,1.43,7.96,3.28,13.1,2.15,8.6,0.49,+0.18,14.97
43,1711,2010Q2,39,57,27.45,30.4,-5.85,-17.6,21.1,6.16,3.18,0.21,2.65,29.2,15,1.01,13,4.66,18.6,3.11,12.5,0.68,+0.45,14.56
44,1711,2010Q1,39,49,33.3,29.2,+0.1,+0.3,20,4.9,2.21,-0.08,1.73,24.5,11,-0.38,8.97,3.09,12.4,2.14,8.55,0.44,+0.57,14.48
45,1711,2009Q4,39,49,33.2,28.2,+9.7,+41.3,18.4,4.74,1.61,0.46,1.57,25.7,8.74,2.5,9.14,2.98,11.9,2.08,8.31,0.41,+0.57,14.04
46,1711,2009Q3,38.9,47,23.5,18.5,+7.3,+45.1,17.2,3.96,1.4,-0.07,1.21,23.1,8.14,-0.43,6.76,2.11,8.45,1.45,5.79,0.31,+0.17,13.74
47,1711,2009Q2,38.8,45,16.2,13.6,+5.2,+47.3,16.8,3.32,0.83,0.17,0.92,19.7,4.95,1.03,5.79,1.8,7.2,1.2,4.79,0.23,0,13.41
48,1711,2009Q1,38.8,34,11,9.59,+1.27,+13.1,12.4,1.42,-0.65,0.14,-0.52,11.5,-5.27,1.15,-4.14,-0.95,-3.78,-0.61,-2.44,-0.13,-0.16,13.37
49,1711,2008Q4,38.8,30,9.73,11.1,-5.17,-34.7,13.8,2.02,-0.47,-0.33,-0.64,14.7,-3.44,-2.42,-4.84,-1.22,-4.89,-0.75,-2.99,-0.16,-0.26,13.38
50,1711,2008Q3,38.8,36,14.9,16.4,-1.4,-8.6,17.4,3.53,0.82,-0.03,0.54,20.3,4.74,-0.15,3,0.97,3.87,0.59,2.37,0.14,+0.02,13.52
51,1711,2008Q2,38.8,40,16.3,19.5,-3.1,-16,21.9,4.03,0.93,0.4,0.91,18.4,4.25,1.82,4.44,1.82,7.29,1.15,4.58,0.23,+0.09,13.17
52,1711,2008Q1,38.8,40,19.4,17.6,-2.3,-10.6,17.8,3.02,0.24,-0.03,0.1,17,1.33,-0.19,0.4,0.13,0.52,0.08,0.33,0.03,-,13.25
53,1711,2007Q4,38.5,45,21.7,25.6,-6.8,-23.9,68.7,12.4,0.91,0.81,1.1,18,1.33,1.17,1.57,2.01,8.05,1.27,5.07,0.1,+0.27,13.33
54,1711,2007Q3,38.4,35,28.5,29.5,+6.9,+31.9,17.4,3.58,0.88,-0.08,0.54,20.6,5.05,-0.46,3,-,-,-,-,0.12,-,13.18
55,1711,2007Q2,38.3,38,21.6,20.2,+1.6,+8,33.8,6.13,0.58,-0.05,0.26,18.1,1.72,-0.16,1.04,0.67,2.67,0.43,1.73,0.14,-0.1,13.06
56,1711,2007Q1,-,-,20,17.8,+1.95,+10.8,-,-,-,-,-,-,-,-,-,-,-,-,-,-,-,-
57,1711,2006Q4,37.8,41,18.05,12.4,+6.7,+59,-,-,-,-,-0.65,-,-,-,-,-1.23,-4.92,-0.82,-3.26,-0.17,-0.29,13.31
58,1711,2006Q3,-,-,11.35,11.4,-0.45,-3.8,-,-,-,-,-,-,-,-,-,-,-,-,-,-,-,-
59,1711,2006Q2,37.6,48,11.8,12.4,+1.81,+18.1,-,-,-,-,0.89,-,-,-,-,1.69,6.74,1.16,4.62,0.24,+0.16,13.38
60,1711,2006Q1,-,-,9.99,10.2,+0.56,+5.9,-,-,-,-,-,-,-,-,-,-,-,-,-,-,-,-
61,1711,2005Q4,37.6,52,9.43,8.91,+0.83,+9.7,-,-,-,-,0.46,-,-,-,-,0.86,3.43,0.62,2.46,0.12,+0.12,13.54
62,1711,2005Q3,-,-,8.6,9.17,-1.4,-14,-,-,-,-,-,-,-,-,-,-,-,-,-,-,-,-
63,1711,2005Q2,37.6,48,10,9.85,-0.6,-5.7,-,-,-,-,0.28,-,-,-,-,0.54,2.18,0.39,1.57,0.08,-,13.24
64,1711,2005Q1,-,-,10.6,11.5,-1.85,-14.9,-,-,-,-,-,-,-,-,-,-,-,-,-,-,-,-
65,1711,2004Q4,37.4,44,12.45,12,+0.15,+1.2,-,-,-,-,0,-,-,-,-,-0.01,-0.03,-0.01,-0.02,0,-0.1,13.79
66,1711,2004Q3,-,-,12.3,11.7,+1,+8.8,-,-,-,-,-,-,-,-,-,-,-,-,-,-,-,-
67,1711,2004Q2,-,-,11.3,12.1,-1.4,-11,-,-,-,-,-,-,-,-,-,-,-,-,-,-,-,-
68,1711,2004Q1,-,-,12.7,12.5,+1.85,+17.1,-,-,-,-,-,-,-,-,-,-,-,-,-,-,-,-
69,1711,2003Q4,37.4,48,10.85,10.9,+0.8,+8,-,-,-,-,0.38,-,-,-,-,0.75,3.02,0.55,2.21,0.1,0,13.47
70,1711,2003Q3,-,-,10.05,10.2,-0.05,-0.5,-,-,-,-,-,-,-,-,-,-,-,-,-,-,-,-
71,1711,2003Q2,-,-,10.6,9.99,+0.3,+2.9,-,-,-,-,-,-,-,-,-,-,-,-,-,-,-,-
72,1711,2003Q1,-,-,10.3,11,+0.05,+0.5,-,-,-,-,-,-,-,-,-,-,-,-,-,-,-,-
73,1711,2002Q4,38.4,48,10.25,10.1,+1.75,+20.6,-,-,-,-,0.36,-,-,-,-,0.72,2.9,0.51,2.06,0.1,+0.11,12.88
74,1711,2002Q3,-,-,8.5,9.75,-2.05,-19.4,-,-,-,-,-,-,-,-,-,-,-,-,-,-,-,-
75,1711,2002Q2,-,-,10.55,10.5,+1.35,+14.7,-,-,-,-,-,-,-,-,-,-,-,-,-,-,-,-
76,1711,2002Q1,-,-,9.2,8.55,+1.4,+17.9,-,-,-,-,-,-,-,-,-,-,-,-,-,-,-,-
77,1711,2001Q4,38.8,41,7.8,7.17,+0.7,+9.9,-,-,-,-,-0.03,-,-,-,-,-0.06,-0.26,-0.04,-0.18,-0.01,-0.14,12.47
78,1711,2001Q3,-,-,7.1,7.47,-1.7,-19.3,-,-,-,-,-,-,-,-,-,-,-,-,-,-,-,-
79,1711,2001Q2,-,-,8.8,10.6,-3.45,-28.2,-,-,-,-,-,-,-,-,-,-,-,-,-,-,-,-
80,1711,2001Q1,-,-,12.25,11,+3.25,+36.1,-,-,-,-,-,-,-,-,-,-,-,-,-,-,-,-
81,1711,2000Q4,37.4,44,9,9.38,-1.75,-16.3,-,-,-,-,0.47,-,-,-,-,0.98,3.92,0.61,2.45,0.13,-0.02,12.83
82,1711,2000Q3,-,-,10.75,14.3,-7.05,-39.6,-,-,-,-,-,-,-,-,-,-,-,-,-,-,-,-
83,1711,2000Q2,-,-,17.8,20.9,-2.9,-14,-,-,-,-,-,-,-,-,-,-,-,-,-,-,-,-
84,1711,2000Q1,-,-,20.7,19.4,+7.05,+51.6,-,-,-,-,-,-,-,-,-,-,-,-,-,-,-,-
85,1711,1999Q4,33.9,44,13.65,14.9,-2.65,-16.3,-,-,-,-,0.51,-,-,-,-,1.09,4.36,0.73,2.9,0.15,-,13.92
86,1711,1999Q3,-,-,16.3,18.5,-7.3,-30.9,-,-,-,-,-,-,-,-,-,-,-,-,-,-,-,-
87,1711,1999Q2,-,-,23.6,26.1,-2.1,-8.2,-,-,-,-,-,-,-,-,-,-,-,-,-,-,-,-
88,1711,1999Q1,-,-,25.7,25.3,-2.4,-8.5,-,-,-,-,-,-,-,-,-,-,-,-,-,-,-,-
89,1711,1998Q4,-,-,28.1,30.8,-3,-9.6,-,-,-,-,-,-,-,-,-,-,-,-,-,-,-,-
90,1711,1998Q3,-,-,31.1,37,-11.1,-26.3,-,-,-,-,-,-,-,-,-,-,-,-,-,-,-,-
91,1711,1998Q2,-,-,42.2,43.7,-5.3,-11.2,-,-,-,-,-,-,-,-,-,-,-,-,-,-,-,-
92,1711,1998Q1,-,-,47.5,42,+4.5,+10.5,-,-,-,-,-,-,-,-,-,-,-,-,-,-,-,-
93,1711,1997Q4,-,-,43,38.9,-4.1,-8.7,-,-,-,-,-,-,-,-,-,-,-,-,-,-,-,-
94,1711,1997Q3,-,-,47.1,50.9,-13.9,-22.8,-,-,-,-,-,-,-,-,-,-,-,-,-,-,-,-
95,1711,1997Q2,-,-,61,57.4,+8,+15.1,-,-,-,-,-,-,-,-,-,-,-,-,-,-,-,-
96,1711,1997Q1,-,-,53,49.2,+13.1,+32.8,-,-,-,-,-,-,-,-,-,-,-,-,-,-,-,-
97,1711,1996Q4,-,-,39.9,35.4,+5.5,+16,-,-,-,-,-,-,-,-,-,-,-,-,-,-,-,-
98,1711,1996Q3,-,-,34.4,31.9,0,0,-,-,-,-,-,-,-,-,-,-,-,-,-,-,-,-
99,1711,1996Q2,-,-,34.4,27.8,+8.9,+34.9,-,-,-,-,-,-,-,-,-,-,-,-,-,-,-,-
100,1711,1996Q1,-,-,25.5,24,+0.4,+1.6,-,-,-,-,-,-,-,-,-,-,-,-,-,-,-,-
101,1711,1995Q4,-,-,25.1,23.5,+2.2,+9.6,-,-,-,-,-,-,-,-,-,-,-,-,-,-,-,-
102,1711,1995Q3,-,-,22.9,24.3,-6.2,-21.3,-,-,-,-,-,-,-,-,-,-,-,-,-,-,-,-
103,1711,1995Q2,-,-,29.1,33.8,-11.4,-28.1,-,-,-,-,-,-,-,-,-,-,-,-,-,-,-,-
104,1711,1995Q1,-,-,40.5,42,-10.5,-20.6,-,-,-,-,-,-,-,-,-,-,-,-,-,-,-,-
105,1711,1994Q4,-,-,51,41.1,+12.3,+31.8,-,-,-,-,-,-,-,-,-,-,-,-,-,-,-,-
106,1711,1994Q3,-,-,38.7,39,+1.91,+5.2,-,-,-,-,-,-,-,-,-,-,-,-,-,-,-,-
107,1711,1994Q2,-,-,36.79,39.4,-2.21,-5.7,-,-,-,-,-,-,-,-,-,-,-,-,-,-,-,-
108,1711,1994Q1,-,-,39,44.5,-12.5,-24.3,-,-,-,-,-,-,-,-,-,-,-,-,-,-,-,-
109,1711,1993Q4,-,-,51.5,44.7,+10,+24.1,-,-,-,-,-,-,-,-,-,-,-,-,-,-,-,-
110,1711,1993Q3,-,-,41.5,42.1,-3.4,-7.6,-,-,-,-,-,-,-,-,-,-,-,-,-,-,-,-
111,1711,1993Q2,-,-,44.9,46.5,-3.8,-7.8,-,-,-,-,-,-,-,-,-,-,-,-,-,-,-,-
112,1711,1993Q1,-,-,48.7,43.5,+7.6,+18.5,-,-,-,-,-,-,-,-,-,-,-,-,-,-,-,-
113,1711,1992Q4,-,-,41.1,46.8,-2.9,-6.6,-,-,-,-,-,-,-,-,-,-,-,-,-,-,-,-
114,1711,1992Q3,-,-,44,52.6,-23,-34.3,-,-,-,-,-,-,-,-,-,-,-,-,-,-,-,-
115,1711,1992Q2,-,-,67,67,-2.5,-3.6,-,-,-,-,-,-,-,-,-,-,-,-,-,-,-,-
116,1711,1992Q1,-,-,69.5,72.7,+3.5,+5.3,-,-,-,-,-,-,-,-,-,-,-,-,-,-,-,-
117,1711,1991Q4,-,-,66,64.3,-2.5,-3.6,-,-,-,-,-,-,-,-,-,-,-,-,-,-,-,-
118,1711,1991Q3,-,-,68.5,74.1,-32.5,-32.2,-,-,-,-,-,-,-,-,-,-,-,-,-,-,-,-
119,1711,1991Q2,-,-,101,89.5,+21.5,+27,-,-,-,-,-,-,-,-,-,-,-,-,-,-,-,-
120,1711,1991Q1,-,-,79.5,71.2,+9,+12.8,-,-,-,-,-,-,-,-,-,-,-,-,-,-,-,-
