ID,sid,季度,股本(億),財報評分,季度股價(元)收盤,季度股價(元)平均,季度股價(元)漲跌,季度股價(元)漲跌(%),獲利金額(億)營業收入,獲利金額(億)營業毛利,獲利金額(億)營業利益,獲利金額(億)業外損益,獲利金額(億)稅後淨利,獲利率(%)營業毛利,獲利率(%)營業利益,獲利率(%)業外損益,獲利率(%)稅後淨利,單季ROE(%),年估ROE(%),單季ROA(%),年估ROA(%),EPS(元)稅後EPS,EPS(元)年增(元),BPS(元)
0,2427,2021Q1,-,-,11.2,11.4,-0.55,-4.7,-,-,-,-,-,-,-,-,-,-,-,-,-,-,-,-
1,2427,2020Q4,-,-,11.75,11,+1.3,+12.4,-,-,-,-,-,-,-,-,-,-,-,-,-,-,-,-
2,2427,2020Q3,18.4,40,10.45,10.5,+0.15,+1.5,7.26,2.65,0.59,0,0.47,36.5,8.17,0.04,6.49,2.15,8.6,1.08,4.31,0.25,+0.05,12
3,2427,2020Q2,18.4,38,10.3,10.1,+0.65,+6.7,6.93,2.6,0.53,0.14,0.53,37.5,7.58,1.95,7.66,2.45,9.81,1.18,4.72,0.29,+0.15,11.75
4,2427,2020Q1,18.4,36,9.65,10.4,-0.95,-9,5.5,1.99,0.01,0.07,0.05,36.3,0.17,1.24,0.95,0.24,0.96,0.12,0.46,0.03,-0.01,11.73
5,2427,2019Q4,18.4,36,10.6,10.7,0,0,12.1,2.98,0.15,0.29,0.46,24.6,1.27,2.36,3.79,2.12,8.47,1,3.99,0.25,-0.12,11.86
6,2427,2019Q3,18.4,36,10.6,10.4,+0.2,+1.9,6.29,2.24,0.25,0.13,0.37,35.6,3.92,2.1,5.81,1.71,6.84,0.78,3.11,0.2,+0.13,11.66
7,2427,2019Q2,18.4,38,10.4,10.4,-0.65,-5.9,6.04,2.08,0.13,0.18,0.25,34.5,2.08,3.04,4.2,1.18,4.72,0.55,2.19,0.14,+0.05,11.5
8,2427,2019Q1,18.4,34,11.05,10.6,0,0,5.95,1.95,0.02,0.07,0.08,32.7,0.41,1.23,1.39,0.38,1.52,0.19,0.75,0.04,-0.06,11.8
9,2427,2018Q4,18.4,45,11.05,11.1,+0.9,+8.9,10.6,3.29,0.64,0.05,0.68,31,6.07,0.51,6.45,3.21,12.8,1.61,6.43,0.37,+0.35,11.62
10,2427,2018Q3,18.4,43,10.15,10.5,-0.65,-6,5.58,2.11,0.15,0.02,0.14,37.8,2.68,0.39,2.44,0.64,2.58,0.32,1.29,0.07,-0.12,11.41
11,2427,2018Q2,18.4,38,10.8,11.1,-0.95,-8.1,8.67,2.01,0.12,0.1,0.16,23.2,1.41,1.15,1.83,0.74,2.96,0.37,1.49,0.09,-0.03,11.43
12,2427,2018Q1,18.4,38,11.75,12,+1.7,+16.9,8.68,1.97,0.06,0.05,0.18,22.7,0.67,0.6,2.03,0.82,3.28,0.4,1.59,0.1,+0.05,11.63
13,2427,2017Q4,18.4,34,10.05,9.69,+1.17,+13.2,14.5,2.54,0.21,-0.15,0.04,17.5,1.43,-1.04,0.48,0.32,1.29,0.15,0.58,0.02,-0.04,11.55
14,2427,2017Q3,18.7,36,8.88,8.64,+1.12,+14.4,7.01,2.16,0.26,0.16,0.35,30.9,3.65,2.34,5.05,1.67,6.66,0.78,3.12,0.19,+0.09,11.57
15,2427,2017Q2,18.7,40,7.76,7.99,-1.19,-13.3,5.53,1.86,0.16,0.11,0.23,33.6,2.86,1.99,4.11,1.08,4.31,0.55,2.22,0.12,+0.05,11.38
16,2427,2017Q1,18.7,36,8.95,8.41,+1.8,+25.2,5.97,1.84,0.15,-0.02,0.09,30.8,2.46,-0.29,1.5,0.42,1.69,0.23,0.91,0.05,+0.01,11.42
17,2427,2016Q4,18.7,40,7.15,6.95,-0.24,-3.2,11.8,2.42,0.23,-0.12,0.1,20.5,1.93,-1.05,0.86,0.48,1.92,0.26,1.06,0.06,-0.04,11.38
18,2427,2016Q3,18.7,43,7.39,7.26,+1.22,+19.8,4.51,1.74,0.07,0.13,0.19,38.6,1.61,2.97,4.13,0.89,3.55,0.51,2.02,0.1,-0.02,11.39
19,2427,2016Q2,18.7,38,6.17,6.13,-0.14,-2.2,5.24,1.6,-0.02,0.16,0.13,30.5,-0.38,3.1,2.52,0.63,2.52,0.37,1.48,0.07,+0.04,11.29
20,2427,2016Q1,18.7,38,6.31,6.16,+0.02,+0.3,5.44,1.64,0.02,0.07,0.08,30.1,0.41,1.3,1.37,0.36,1.42,0.21,0.83,0.04,+0.11,11.36
21,2427,2015Q4,18.7,38,6.29,6.43,+0.39,+6.6,10.2,2.41,0.28,-0.13,0.17,23.7,2.76,-1.32,1.7,0.84,3.34,0.5,2.01,0.1,+0.06,11.29
22,2427,2015Q3,18.7,40,5.9,6.17,-1.21,-17,4.18,1.61,0.07,0.18,0.23,38.6,1.7,4.4,5.42,1.11,4.43,0.71,2.82,0.12,+0.11,11.09
23,2427,2015Q2,18.7,45,7.11,8.18,-1.82,-20.4,3.7,1.44,-0.03,0.11,0.06,39,-0.75,2.95,1.52,0.27,1.09,0.18,0.72,0.03,-0.02,10.99
24,2427,2015Q1,18.7,36,8.93,8.93,+0.29,+3.4,4.56,1.41,-0.09,-0.03,-0.13,30.9,-2.01,-0.69,-2.82,-0.61,-2.46,-0.41,-1.65,-0.07,-0.09,11.28
25,2427,2014Q4,19,40,8.64,8.14,-0.17,-1.9,7.35,1.96,-0.04,0.13,0.07,26.7,-0.58,1.76,1,0.35,1.4,0.24,0.96,0.04,0,11.34
26,2427,2014Q3,19,43,8.81,9.29,-0.59,-6.3,3.71,1.37,0.02,0.02,0.03,37,0.54,0.62,0.73,0.13,0.51,0.09,0.36,0.01,+0.13,11.17
27,2427,2014Q2,19,49,9.4,9.42,-1.05,-10,4.2,1.39,0,0.1,0.08,33.2,0.11,2.46,2.01,0.4,1.62,0.29,1.15,0.05,+0.06,11.15
28,2427,2014Q1,19,45,10.45,8.97,+1.77,+20.4,4.01,1.34,-0.02,0.08,0.03,33.4,-0.58,1.99,0.86,0.17,0.67,0.11,0.46,0.02,+0.02,11.05
29,2427,2013Q4,19,47,8.68,8.62,+0.18,+2.1,6.02,1.93,0.12,-0.03,0.07,32.1,1.92,-0.42,1.05,0.3,1.22,0.21,0.84,0.04,-0.05,11.03
30,2427,2013Q3,19,34,8.5,8.56,-0.26,-3,5.39,0.53,-0.82,0.55,-0.22,9.9,-15.2,10.1,-4.12,-1.07,-4.28,-0.77,-3.06,-0.12,-0.02,10.93
31,2427,2013Q2,19,40,8.76,8.84,-0.38,-4.2,4.72,1.39,-0.04,0.06,0.01,29.5,-0.79,1.2,-0.41,-0.09,-0.37,-0.07,-0.27,-0.01,+0.04,11.07
32,2427,2013Q1,19,40,9.14,9.07,+0.29,+3.3,6.16,1.4,-0.04,0.05,0.01,22.7,-0.65,0.88,-0.11,-0.03,-0.13,-0.02,-0.09,0,-0.07,11.02
33,2427,2012Q4,19,43,8.85,8.78,-1.55,-14.9,7.96,1.86,0.07,0.07,0.2,23.3,0.88,0.93,2.24,0.86,3.45,0.56,2.23,0.09,+0.01,10.86
34,2427,2012Q3,19,36,10.4,9.89,+0.3,+3,3.79,1.09,-0.37,0.09,-0.19,28.9,-9.81,2.39,-7.46,-1.36,-5.45,-0.93,-3.73,-0.1,-0.16,10.76
35,2427,2012Q2,19,34,10.1,10.3,-1.85,-15.5,4.67,1.19,-0.19,0.08,-0.09,25.4,-3.98,1.81,-2.29,-0.5,-2,-0.34,-1.37,-0.05,-0.1,10.88
36,2427,2012Q1,19,49,11.95,12.3,+1.1,+10.1,5.15,1.57,0.16,0,0.13,30.5,3.01,0.06,2.35,0.56,2.23,0.38,1.51,0.07,+0.01,11.27
37,2427,2011Q4,19,42,10.85,11.7,-3,-21.7,6.62,1.76,0.07,-,0.15,26.5,1.05,-,2.06,0.63,2.53,0.41,1.63,0.08,0,11.26
38,2427,2011Q3,19,47,13.85,15.2,-0.4,-2.8,4.78,1.47,-0.04,-,0.12,30.7,-0.77,-,2.37,0.53,2.12,0.35,1.41,0.06,-0.03,11.13
39,2427,2011Q2,19,53,14.25,15,+1,+7.5,3.68,1.5,0.11,-,0.1,40.7,2.95,-,2.35,0.41,1.63,0.29,1.17,0.05,+0.04,10.97
40,2427,2011Q1,19,44,13.25,15.2,-3.45,-20.7,5.53,1.54,0.11,-,0.12,27.9,2.01,-,1.97,0.52,2.06,0.36,1.44,0.06,+0.01,10.93
41,2427,2010Q4,19,47,16.7,18.6,-3.9,-18.9,6.86,1.94,0.11,0.04,0.15,28.2,1.54,0.56,2.1,0.69,2.74,0.47,1.89,0.08,+0.57,10.86
42,2427,2010Q3,19,49,20.6,19,+8.55,+71,5.87,1.58,0.15,0.03,0.18,26.9,2.52,0.43,2.95,0.82,3.29,0.58,2.34,0.09,+0.28,10.82
43,2427,2010Q2,19,53,12.05,9.46,+2.43,+25.3,3.71,1.51,0.15,0.07,0.02,40.6,4.05,1.82,1.27,0.22,0.89,0.16,0.64,0.01,+0.01,10.74
44,2427,2010Q1,19,49,9.62,9.25,-1.08,-10.1,3.63,1.38,0.09,0,0.1,37.9,2.51,0.03,2.23,0.39,1.54,0.28,1.11,0.05,+0.04,10.71
45,2427,2009Q4,19,36,10.7,8.9,+3.24,+43.4,7.36,1.63,0.02,-0.84,-0.93,22.2,0.32,-11.5,-12.7,-4.34,-17.4,-3.06,-12.3,-0.49,-0.68,10.67
46,2427,2009Q3,19,38,7.46,6.47,+1.32,+21.5,4.53,1.2,-0.24,-0.13,-0.35,26.5,-5.32,-2.86,-8.04,-1.64,-6.58,-1.22,-4.88,-0.19,-0.2,11.18
47,2427,2009Q2,19.2,49,6.14,6.72,-0.95,-13.4,4.5,1.39,-0.01,0.02,0.01,30.9,-0.14,0.54,0.24,0.05,0.19,0.04,0.14,0,+0.23,11.38
48,2427,2009Q1,19.2,49,7.09,5.93,+0.46,+6.9,3.62,1.1,-0.37,0.37,0.02,30.3,-10.2,10.3,0.2,0.03,0.13,0.02,0.09,0.01,-0.02,11.41
49,2427,2008Q4,20.2,57,6.63,5.16,+0.41,+6.6,6.3,1.98,0.38,0.1,0.46,31.5,6.07,1.6,8.08,2.24,8.95,1.59,6.36,0.19,+1.43,11.28
50,2427,2008Q3,20.4,36,6.22,6.56,-0.16,-2.5,5.22,1.55,0.01,-0.04,0.02,29.7,0.26,-0.73,-0.57,-0.13,-0.51,-0.09,-0.34,0.01,+0.52,10.83
51,2427,2008Q2,21.2,30,6.38,7.58,-0.82,-11.4,6.82,1.22,-0.37,-0.16,-0.48,17.9,-5.48,-2.34,-8.06,-2.29,-9.16,-1.42,-5.66,-0.23,-0.18,10.59
52,2427,2008Q1,21.2,34,7.2,6.94,+1.2,+20,4.76,1.67,0.01,-0.03,0.06,35.2,0.23,-0.68,-0.69,-0.13,-0.53,-0.07,-0.28,0.03,-,10.8
53,2427,2007Q4,22.2,40,6,7.07,-2.3,-27.7,17.3,3.47,-3.83,-1.17,-4.56,20.1,-22.1,-6.74,-28.9,-19.9,-79.4,-9.65,-38.6,-1.24,-1.18,10.62
54,2427,2007Q3,22.2,35,8.3,8.95,-0.62,-7,5.22,1.6,0.07,-0.09,0.02,30.7,1.31,-1.77,-0.57,-,-,-,-,-0.51,-,11.73
55,2427,2007Q2,22.2,34,8.92,8.38,+0.12,+1.4,9.62,2.87,-0.69,-0.22,-0.67,29.8,-7.18,-2.3,-9.15,-3.05,-12.2,-1.5,-6.01,-0.05,-0.04,12.23
56,2427,2007Q1,-,-,8.8,8.49,-0.71,-7.5,-,-,-,-,-,-,-,-,-,-,-,-,-,-,-,-
57,2427,2006Q4,22.2,33,9.51,7.29,+3.13,+49.1,-,-,-,-,-0.1,-,-,-,-,-0.34,-1.36,-0.16,-0.64,-0.06,+0.95,12.45
58,2427,2006Q3,-,-,6.38,6.29,-0.07,-1.1,-,-,-,-,-,-,-,-,-,-,-,-,-,-,-,-
59,2427,2006Q2,22.2,37,6.45,6.88,+0.29,+4.7,-,-,-,-,-0.03,-,-,-,-,-0.11,-0.44,-0.05,-0.21,-0.01,+0.26,12.47
60,2427,2006Q1,-,-,6.16,6.65,-1.32,-17.6,-,-,-,-,-,-,-,-,-,-,-,-,-,-,-,-
61,2427,2005Q4,22.2,33,7.48,6.79,-0.57,-7.1,-,-,-,-,-2.24,-,-,-,-,-7.38,-29.5,-3.45,-13.8,-1.01,-0.64,12.43
62,2427,2005Q3,-,-,8.05,9.32,-2.7,-25.1,-,-,-,-,-,-,-,-,-,-,-,-,-,-,-,-
63,2427,2005Q2,22.2,37,10.75,9.33,+0.6,+5.9,-,-,-,-,-0.6,-,-,-,-,-1.85,-7.41,-0.98,-3.91,-0.27,-,13.61
64,2427,2005Q1,-,-,10.15,10.5,0,0,-,-,-,-,-,-,-,-,-,-,-,-,-,-,-,-
65,2427,2004Q4,21.9,37,10.15,10.8,-1.55,-13.2,-,-,-,-,-0.8,-,-,-,-,-2.52,-10.1,-1.26,-5.05,-0.37,-0.66,14.13
66,2427,2004Q3,-,-,11.7,12.8,-3.3,-22,-,-,-,-,-,-,-,-,-,-,-,-,-,-,-,-
67,2427,2004Q2,-,-,15,16.7,-3.9,-20.6,-,-,-,-,-,-,-,-,-,-,-,-,-,-,-,-
68,2427,2004Q1,-,-,18.9,21.2,-0.6,-3.1,-,-,-,-,-,-,-,-,-,-,-,-,-,-,-,-
69,2427,2003Q4,20.8,37,19.5,17.7,+3.6,+22.6,-,-,-,-,0.59,-,-,-,-,2.01,8.02,1.04,4.15,0.29,+0.2,14.1
70,2427,2003Q3,-,-,15.9,16.2,-0.8,-4.8,-,-,-,-,-,-,-,-,-,-,-,-,-,-,-,-
71,2427,2003Q2,-,-,16.7,14.7,+3.85,+30,-,-,-,-,-,-,-,-,-,-,-,-,-,-,-,-
72,2427,2003Q1,-,-,12.85,13.5,-0.05,-0.4,-,-,-,-,-,-,-,-,-,-,-,-,-,-,-,-
73,2427,2002Q4,19,41,12.9,14.7,-1.5,-10.4,-,-,-,-,0.17,-,-,-,-,0.57,2.29,0.32,1.28,0.09,-0.16,16.02
74,2427,2002Q3,-,-,14.4,17.1,-7.6,-34.5,-,-,-,-,-,-,-,-,-,-,-,-,-,-,-,-
75,2427,2002Q2,-,-,22,26.9,-7.2,-24.7,-,-,-,-,-,-,-,-,-,-,-,-,-,-,-,-
76,2427,2002Q1,-,-,29.2,29.9,-1.8,-5.8,-,-,-,-,-,-,-,-,-,-,-,-,-,-,-,-
77,2427,2001Q4,15.7,48,31,26.3,+7.1,+29.7,-,-,-,-,0.39,-,-,-,-,1.31,5.22,0.86,3.43,0.25,-,18.91
78,2427,2001Q3,-,-,23.9,29.9,-15.5,-39.3,-,-,-,-,-,-,-,-,-,-,-,-,-,-,-,-
79,2427,2001Q2,-,-,39.4,45.8,-16.6,-29.6,-,-,-,-,-,-,-,-,-,-,-,-,-,-,-,-
80,2427,2001Q1,-,-,56,48.8,+28.4,+103,-,-,-,-,-,-,-,-,-,-,-,-,-,-,-,-
81,2427,2000Q4,-,-,27.6,49.5,-35.4,-56.2,-,-,-,-,-,-,-,-,-,-,-,-,-,-,-,-
82,2427,2000Q3,-,-,63,65.2,-8,-11.3,-,-,-,-,-,-,-,-,-,-,-,-,-,-,-,-
83,2427,2000Q2,-,-,71,89.4,-41,-36.6,-,-,-,-,-,-,-,-,-,-,-,-,-,-,-,-
84,2427,2000Q1,-,-,112,105,+36,+47.4,-,-,-,-,-,-,-,-,-,-,-,-,-,-,-,-
85,2427,1999Q4,-,-,76,74.5,-4,-5,-,-,-,-,-,-,-,-,-,-,-,-,-,-,-,-
86,2427,1999Q3,-,-,80,85.9,+6.5,+8.8,-,-,-,-,-,-,-,-,-,-,-,-,-,-,-,-
87,2427,1999Q2,-,-,73.5,60.5,+33.8,+85.1,-,-,-,-,-,-,-,-,-,-,-,-,-,-,-,-
88,2427,1999Q1,-,-,39.7,39.7,-2,-4.8,-,-,-,-,-,-,-,-,-,-,-,-,-,-,-,-
