ID,sid,季度,股本(億),財報評分,季度股價(元)收盤,季度股價(元)平均,季度股價(元)漲跌,季度股價(元)漲跌(%),獲利金額(億)營業收入,獲利金額(億)營業毛利,獲利金額(億)營業利益,獲利金額(億)業外損益,獲利金額(億)稅後淨利,獲利率(%)營業毛利,獲利率(%)營業利益,獲利率(%)業外損益,獲利率(%)稅後淨利,單季ROE(%),年估ROE(%),單季ROA(%),年估ROA(%),EPS(元)稅後EPS,EPS(元)年增(元),BPS(元)
0,2601,2021Q1,-,-,10.05,9.84,-1.45,-12.6,-,-,-,-,-,-,-,-,-,-,-,-,-,-,-,-
1,2601,2020Q4,-,-,11.5,9.89,+1.75,+17.9,-,-,-,-,-,-,-,-,-,-,-,-,-,-,-,-
2,2601,2020Q3,68.7,43,9.75,9.87,-0.25,-2.5,18.8,9.18,0.86,-0.81,-0.21,48.8,4.56,-4.31,-2.25,-0.36,-1.42,-0.12,-0.49,-0.03,+0.16,12.39
3,2601,2020Q2,69.3,40,10,9.66,+1.37,+15.9,14.1,8.13,0.22,-1.57,-1.08,57.8,1.54,-11.1,-10,-1.15,-4.59,-0.4,-1.6,-0.17,-2.05,12.31
4,2601,2020Q1,63.1,38,8.63,9.46,-2.47,-22.3,12.1,6.93,0.45,-3.06,-2.28,57,3.74,-25.2,-23.5,-2.2,-8.81,-0.77,-3.08,-0.36,-0.58,14.34
5,2601,2019Q4,63.1,57,11.1,11.4,-1.25,-10.1,23,15.5,4.84,-0.44,2,67.2,21,-1.93,14.8,2.57,10.3,0.9,3.61,0.32,+0.3,14.49
6,2601,2019Q3,63.1,43,12.35,12.4,+0.35,+2.9,17.5,11.7,2.27,-2.97,-1.2,66.8,13,-17,-6.99,-0.9,-3.6,-0.32,-1.27,-0.19,-0.19,14.66
7,2601,2019Q2,63.1,72,12,11.9,-0.2,-1.6,19.4,13.2,2.87,10.3,11.9,67.7,14.8,53.1,63.1,9.28,37.1,3.03,12.1,1.88,+2.03,15.17
8,2601,2019Q1,63.1,53,12.2,11.7,+1.35,+12.4,21.4,14.3,4.23,-0.95,1.39,66.8,19.7,-4.46,10.5,1.75,7.02,0.59,2.37,0.22,+0.09,13.54
9,2601,2018Q4,63.1,49,10.85,10.9,-0.2,-1.8,23.8,17.3,4.23,-3.93,0.14,72.7,17.8,-16.5,4.13,0.76,3.04,0.29,1.17,0.02,-0.64,13.81
10,2601,2018Q3,63.1,40,11.05,11.1,-1.5,-12,17.9,12.1,1.63,-1.08,0.02,67.4,9.06,-6.03,-0.29,-0.04,-0.16,-0.02,-0.06,0,-0.16,13.61
11,2601,2018Q2,63.1,38,12.55,12,+4.21,+50.5,18.4,13.2,3.65,-2.74,-0.94,71.8,19.9,-14.9,-1.51,-0.21,-0.84,-0.08,-0.34,-0.15,+0.08,13.91
12,2601,2018Q1,63.1,47,8.34,8.6,-0.66,-7.3,20.3,14.7,3.58,-0.92,0.85,72.5,17.6,-4.53,7.58,1.18,4.73,0.45,1.81,0.13,-0.48,13.7
13,2601,2017Q4,63.1,62,9,8.31,+1,+12.5,22.4,16.8,4.32,1.29,3.52,74.8,19.3,5.76,23.1,4.07,16.3,1.54,6.17,0.66,+0.96,13.54
14,2601,2017Q3,63.1,47,8,9.27,-2.75,-25.6,15.7,11.1,0.61,0.29,1.03,70.6,3.88,1.87,2.23,0.28,1.13,0.11,0.44,0.16,+1.37,13.47
15,2601,2017Q2,63.1,38,10.75,8.71,+2.45,+29.5,16.4,11.8,2.32,-2.47,-1.15,72,14.1,-15.1,-7.41,-1.09,-4.35,-0.38,-1.53,-0.23,-0.12,13.06
16,2601,2017Q1,37.1,55,8.3,8.05,+1.3,+18.6,18.5,13,2.59,1.12,2.25,70.5,14,6.07,14.3,2.53,10.1,0.77,3.09,0.61,+1.91,16.82
17,2601,2016Q4,37.1,51,7,7.29,-0.79,-10.1,20.7,15.3,2.99,-1.5,-1.12,73.9,14.5,-7.25,0.89,0.17,0.69,0.05,0.2,-0.3,+0.97,17.68
18,2601,2016Q3,37.1,36,7.79,7.86,-0.31,-3.8,15.4,10.8,-0.77,-3.68,-4.51,70,-4.98,-23.8,-31.5,-4.33,-17.3,-1.29,-5.17,-1.21,+2.01,17.84
19,2601,2016Q2,37.8,49,8.1,8.23,-0.76,-8.6,18.2,13,0.74,0.61,-0.4,71.5,4.09,3.36,1.38,0.21,0.84,0.07,0.26,-0.11,-0.26,19.67
20,2601,2016Q1,37.8,38,8.86,8.99,-0.76,-7.9,21.9,15.6,2.79,-6.71,-4.83,71.2,12.7,-30.7,-23.7,-4.15,-16.6,-1.32,-5.27,-1.3,-1.62,19.98
21,2601,2015Q4,37.8,40,9.62,10.3,-1.18,-10.9,21.6,15.4,1.76,-4.2,-4.7,71.5,8.15,-19.5,-17.4,-2.84,-11.4,-0.95,-3.78,-1.27,-1.01,21.58
22,2601,2015Q3,37.8,36,10.8,11.4,-2,-15.6,18.8,13.9,1.14,-14.8,-11.9,73.9,6.07,-78.9,-75.4,-10.2,-40.7,-3.65,-14.6,-3.22,-2.38,23.22
23,2601,2015Q2,37.8,49,12.8,15.2,-3.75,-22.7,20.1,15.1,3.35,-0.84,0.55,75.1,16.7,-4.2,7.84,1.08,4.32,0.41,1.62,0.15,-0.24,25.13
24,2601,2015Q1,37.8,53,16.55,17.1,-1.4,-7.8,24.5,18.2,5.39,-0.27,1.2,74.1,22,-1.12,12.1,2.02,8.09,0.76,3.05,0.32,-0.33,25.6
25,2601,2014Q4,37.8,51,17.95,18.5,-2.85,-13.7,25.6,19.5,5.86,-4.02,-1.02,76.2,22.9,-15.7,2.62,0.47,1.87,0.18,0.72,-0.26,-0.22,25.55
26,2601,2014Q3,37.8,40,20.8,21.1,+0.7,+3.5,19.2,14.1,2.03,-3.57,-3.1,73.6,10.6,-18.6,-14.3,-1.94,-7.78,-0.79,-3.18,-0.84,-1.06,24.69
27,2601,2014Q2,37.8,53,20.1,19.3,+1.65,+8.9,20.1,15.4,2.88,1.36,1.45,76.6,14.3,6.77,13.5,1.91,7.66,0.81,3.26,0.39,+0.87,25
28,2601,2014Q1,37.8,57,18.45,18.8,-1.5,-7.5,22.8,17.5,5.04,0.87,2.47,76.7,22.2,3.83,18.5,2.99,12,1.25,5.01,0.65,+1.14,25.15
29,2601,2013Q4,37.8,51,19.95,20,-0.95,-4.5,24.7,18,4.09,-0.91,-0.14,72.9,16.6,-3.7,5.94,1.07,4.27,0.45,1.81,-0.04,-0.83,24.08
30,2601,2013Q3,37.8,49,20.9,19.6,+0.35,+1.7,17.3,12.4,0.34,2.42,0.82,71.5,1.97,14,11,1.38,5.53,0.6,2.4,0.22,-0.1,24.09
31,2601,2013Q2,37.8,40,20.55,21.4,-2.25,-9.9,18.6,14,1.88,-1.47,-1.82,75.2,10.1,-7.91,-4.85,-0.65,-2.6,-0.28,-1.13,-0.48,-0.46,24.09
32,2601,2013Q1,37.8,40,22.8,23.6,-3.6,-13.6,20.6,16,3.17,-1.92,-1.78,77.7,15.4,-9.33,-2.68,-0.43,-1.72,-0.18,-0.72,-0.49,-1.13,24.42
33,2601,2012Q4,27.8,64,26.4,25.9,-5.1,-16.2,22.5,18,4.92,0.52,2.2,79.7,21.9,2.31,17.9,3.44,13.7,1.42,5.67,0.79,+0.73,28.7
34,2601,2012Q3,27.8,49,31.5,31.5,-2.1,-6.2,17.3,13.9,1.39,0.72,0.89,80.1,8,4.15,6.54,0.95,3.82,0.41,1.62,0.32,+0.14,28.35
35,2601,2012Q2,27.8,51,33.6,40.2,-10.25,-23.4,18.6,13.9,1.95,-0.17,-0.06,74.8,10.5,-0.91,0.98,0.17,0.67,0.07,0.28,-0.02,-0.77,28.72
36,2601,2012Q1,27.8,55,43.85,41.9,+8.55,+24.2,20.7,16,3.91,0.71,1.79,77.2,18.9,3.44,15,2.96,11.9,1.24,4.95,0.64,-0.38,26.69
37,2601,2011Q4,27.8,49,35.3,42,-9.45,-21.1,87.5,17.7,4.21,-,0.16,20.2,4.81,-,1.83,1.43,5.73,0.64,2.57,0.06,-1.07,26.3
38,2601,2011Q3,28,49,44.75,64.6,-21.85,-32.8,58,12.5,2,-,0.5,21.6,3.44,-,1.27,0.7,2.8,0.33,1.3,0.18,-1.02,26.59
39,2601,2011Q2,27.9,53,66.6,67,+1.4,+2.1,56.5,13.2,3.32,-,2.04,23.4,5.87,-,5.16,2.98,11.9,1.31,5.25,0.75,+0.01,25.04
40,2601,2011Q1,27.7,51,65.2,63.1,-2.8,-4.1,66.7,15.1,6.38,-,2.75,22.7,9.57,-,6.1,4.42,17.7,1.83,7.34,1.02,+0.1,25.86
41,2601,2010Q4,27.5,57,68,66.7,+0.5,+0.7,71.3,14.9,5.4,0.18,2.97,20.9,7.57,0.26,5.43,4.33,17.3,1.78,7.13,1.13,-0.02,24.46
42,2601,2010Q3,27.3,55,67.5,61.3,+14.4,+27.1,44,12.8,3.86,0.25,3.15,29.1,8.78,0.56,7.33,3.63,14.5,1.52,6.09,1.2,+0.17,24.86
43,2601,2010Q2,26.9,53,53.1,52.2,+2.3,+4.5,45.2,15.3,4.64,-0.53,1.95,33.9,10.3,-1.17,5.38,2.83,11.3,1.16,4.66,0.74,+0.1,24.16
44,2601,2010Q1,26.9,49,50.8,48.4,+0.4,+0.8,53.2,9.59,4.68,-0.38,2.43,18,8.81,-0.71,6.3,4.05,16.2,1.62,6.49,0.92,-0.27,24.24
45,2601,2009Q4,26.9,62,50.4,45.8,+11.8,+30.6,63.3,14.9,7.48,-0.38,3,23.5,11.8,-0.6,7.67,6.16,24.6,2.58,10.3,1.15,-1.53,23.45
46,2601,2009Q3,26.9,53,38.6,42.1,-6.7,-14.8,35,7.1,3.34,-0.55,2.7,20.3,9.55,-1.56,7.77,3.6,14.4,1.61,6.42,1.03,-1.25,22.17
47,2601,2009Q2,26.9,51,45.3,44.9,+5.9,+15,38,6.78,4.2,-0.02,1.52,17.8,11.1,-0.06,5.37,2.68,10.7,1.24,4.96,0.64,-1.69,23.71
48,2601,2009Q1,24.4,53,39.4,35.2,+8.6,+27.9,43.8,11.1,4.72,-0.37,2.84,25.3,10.8,-0.84,8.38,4.93,19.7,2.31,9.25,1.19,-0.91,24.71
49,2601,2008Q4,24.4,68,30.8,31.3,-6.1,-16.5,51.7,15.1,9.02,-0.15,6.47,29.2,17.4,-0.3,14.7,11.5,46.1,5.23,20.9,2.68,+1.24,22.97
50,2601,2008Q3,24.4,66,36.9,54.8,-13.4,-26.6,33.9,9.89,6.93,-0.55,5.51,29.1,20.4,-1.63,17.6,10.6,42.6,4.58,18.3,2.28,+1.73,19.84
51,2601,2008Q2,24.4,72,50.3,73,-26.8,-34.8,33.4,9.81,7.58,0.35,5.65,29.3,22.7,1.05,19.9,13,52,5.35,21.4,2.33,+1.69,17.09
52,2601,2008Q1,24.4,66,77.1,65.3,+2.7,+3.6,37.1,11.5,6.88,-0.15,5.1,31.1,18.6,-0.4,16.2,12.5,50.1,4.81,19.2,2.1,-,15.91
53,2601,2007Q4,24.4,68,74.4,76.6,-14.7,-16.5,98,22.9,12.8,-0.15,7.95,23.4,13.1,-0.15,10.2,21.7,87,7.88,31.5,1.44,+0.93,14.94
54,2601,2007Q3,24.4,65,89.1,71.4,+38.6,+76.4,33.9,14.6,6.93,-0.55,5.51,43.1,20.4,-1.63,17.6,-,-,-,-,0.55,-,13.54
55,2601,2007Q2,24.4,53,50.5,45.4,+14,+38.4,39.4,8.17,4.59,-0.14,3.08,20.7,11.7,-0.36,8.94,8.88,35.5,3.72,14.9,0.64,+0.33,13.02
56,2601,2007Q1,-,-,36.5,33.9,+3.2,+9.6,-,-,-,-,-,-,-,-,-,-,-,-,-,-,-,-
57,2601,2006Q4,24.4,59,33.3,25.1,+15.35,+85.5,-,-,-,-,1.25,-,-,-,-,3.8,15.2,1.55,6.22,0.51,-0.46,11.77
58,2601,2006Q3,-,-,17.95,13.7,+5.05,+39.1,-,-,-,-,-,-,-,-,-,-,-,-,-,-,-,-
59,2601,2006Q2,24.4,44,12.9,10.3,+6.65,+106,-,-,-,-,0.74,-,-,-,-,2.48,9.94,1.24,4.94,0.31,+0.31,10.89
60,2601,2006Q1,-,-,6.25,6.05,+0.65,+11.6,-,-,-,-,-,-,-,-,-,-,-,-,-,-,-,-
61,2601,2005Q4,24.4,85,5.6,4.65,+0.55,+10.9,-,-,-,-,2.35,-,-,-,-,9.35,37.4,7.16,28.6,0.97,+2.08,10.36
62,2601,2005Q3,-,-,5.05,6.02,-1.87,-27,-,-,-,-,-,-,-,-,-,-,-,-,-,-,-,-
63,2601,2005Q2,24.4,56,6.92,6.48,0,0,-,-,-,-,0.01,-,-,-,-,0.03,0.1,0.02,0.08,0,+0.87,9.09
64,2601,2005Q1,-,-,6.92,8.36,-1.88,-21.4,-,-,-,-,-,-,-,-,-,-,-,-,-,-,-,-
65,2601,2004Q4,24.4,48,8.8,8.92,+2.4,+37.5,-,-,-,-,-2.69,-,-,-,-,-12.2,-49,-9.2,-36.8,-1.11,-1.14,9.07
66,2601,2004Q3,-,-,6.4,6.71,-0.75,-10.5,-,-,-,-,-,-,-,-,-,-,-,-,-,-,-,-
67,2601,2004Q2,24.4,29,7.15,8.96,-2.9,-28.9,-,-,-,-,-2.12,-,-,-,-,-8.19,-32.8,-5.23,-20.9,-0.87,-0.9,10.58
68,2601,2004Q1,-,-,10.05,8.89,+4.45,+79.5,-,-,-,-,-,-,-,-,-,-,-,-,-,-,-,-
69,2601,2003Q4,37.1,48,5.6,5.4,+0.1,+1.8,-,-,-,-,0.11,-,-,-,-,0.39,1.55,0.26,1.05,0.03,+0.32,7.54
70,2601,2003Q3,-,-,5.5,5.38,+0.84,+18,-,-,-,-,-,-,-,-,-,-,-,-,-,-,-,-
71,2601,2003Q2,37.1,48,4.66,4.14,+0.52,+12.6,-,-,-,-,0.09,-,-,-,-,0.32,1.29,0.22,0.87,0.03,+0.03,7.59
72,2601,2003Q1,-,-,4.14,5.26,-0.31,-7,-,-,-,-,-,-,-,-,-,-,-,-,-,-,-,-
73,2601,2002Q4,21.2,41,4.45,2.89,+2.8,+170,-,-,-,-,-0.59,-,-,-,-,-2.49,-9.95,-1.5,-6,-0.29,+3.64,11.11
74,2601,2002Q3,-,-,1.65,2.08,-0.84,-33.7,-,-,-,-,-,-,-,-,-,-,-,-,-,-,-,-
75,2601,2002Q2,44.2,37,2.49,3.35,-0.64,-20.4,-,-,-,-,-0.05,-,-,-,-,-0.22,-0.87,-0.13,-0.52,0,-0.06,5.48
76,2601,2002Q1,-,-,3.13,2.96,+0.94,+42.9,-,-,-,-,-,-,-,-,-,-,-,-,-,-,-,-
77,2601,2001Q4,44.2,37,2.19,1.89,+0.34,+18.4,-,-,-,-,-17.3,-,-,-,-,-67.1,-269,-35,-140,-3.93,-,5.84
78,2601,2001Q3,-,-,1.85,2.21,-0.36,-16.3,-,-,-,-,-,-,-,-,-,-,-,-,-,-,-,-
79,2601,2001Q2,44.2,44,2.21,2.72,-1.07,-32.6,-,-,-,-,0.27,-,-,-,-,0.6,2.41,0.35,1.39,0.06,-,10.35
80,2601,2001Q1,-,-,3.28,3.31,+0.35,+11.9,-,-,-,-,-,-,-,-,-,-,-,-,-,-,-,-
81,2601,2000Q4,44.2,53,2.93,3.36,-1.01,-25.6,-,-,-,-,-,-,-,-,-,-,-,-,-,-,-,10.1
82,2601,2000Q3,-,-,3.94,5.6,-2.16,-35.4,-,-,-,-,-,-,-,-,-,-,-,-,-,-,-,-
83,2601,2000Q2,-,-,6.1,6.64,-0.95,-13.5,-,-,-,-,-,-,-,-,-,-,-,-,-,-,-,-
84,2601,2000Q1,-,-,7.05,7.03,+2.2,+45.4,-,-,-,-,-,-,-,-,-,-,-,-,-,-,-,-
85,2601,1999Q4,44.2,47,5.35,5.56,-1.05,-16.4,-,-,-,-,-,-,-,-,-,-,-,-,-,-,-,10.05
86,2601,1999Q3,-,-,6.4,7.13,-1.65,-20.5,-,-,-,-,-,-,-,-,-,-,-,-,-,-,-,-
87,2601,1999Q2,-,-,8.05,9.68,-1.75,-17.9,-,-,-,-,-,-,-,-,-,-,-,-,-,-,-,-
88,2601,1999Q1,-,-,9.8,8.68,+1.05,+12,-,-,-,-,-,-,-,-,-,-,-,-,-,-,-,-
89,2601,1998Q4,44.2,53,8.75,12.4,-5.05,-36.6,-,-,-,-,-,-,-,-,-,-,-,-,-,-,-,12.36
90,2601,1998Q3,-,-,13.8,14.1,+0.3,+2.2,-,-,-,-,-,-,-,-,-,-,-,-,-,-,-,-
91,2601,1998Q2,-,-,13.5,14,-2.1,-13.5,-,-,-,-,-,-,-,-,-,-,-,-,-,-,-,-
92,2601,1998Q1,-,-,15.6,15.7,-2.7,-14.8,-,-,-,-,-,-,-,-,-,-,-,-,-,-,-,-
93,2601,1997Q4,41.7,68,18.3,15.7,+2.7,+17.3,-,-,-,-,-,-,-,-,-,-,-,-,-,-,-,14.21
94,2601,1997Q3,-,-,15.6,16.9,-5.2,-25,-,-,-,-,-,-,-,-,-,-,-,-,-,-,-,-
95,2601,1997Q2,-,-,20.8,22.4,-4.3,-17.1,-,-,-,-,-,-,-,-,-,-,-,-,-,-,-,-
96,2601,1997Q1,-,-,25.1,22.9,+5.9,+30.7,-,-,-,-,-,-,-,-,-,-,-,-,-,-,-,-
97,2601,1996Q4,28.2,58,19.2,19.4,+1.7,+9.7,-,-,-,-,-,-,-,-,-,-,-,-,-,-,-,12.26
98,2601,1996Q3,-,-,17.5,18.2,-2.3,-11.6,-,-,-,-,-,-,-,-,-,-,-,-,-,-,-,-
99,2601,1996Q2,-,-,19.8,20.6,+0.1,+0.5,-,-,-,-,-,-,-,-,-,-,-,-,-,-,-,-
100,2601,1996Q1,-,-,19.7,18.9,-2,-9.2,-,-,-,-,-,-,-,-,-,-,-,-,-,-,-,-
101,2601,1995Q4,22,58,21.7,18.6,+4,+22.6,-,-,-,-,-,-,-,-,-,-,-,-,-,-,-,11.09
102,2601,1995Q3,-,-,17.7,14.9,+2.3,+14.9,-,-,-,-,-,-,-,-,-,-,-,-,-,-,-,-
103,2601,1995Q2,-,-,15.4,18,-5.7,-27,-,-,-,-,-,-,-,-,-,-,-,-,-,-,-,-
104,2601,1995Q1,-,-,21.1,21.4,-2.2,-9.4,-,-,-,-,-,-,-,-,-,-,-,-,-,-,-,-
105,2601,1994Q4,18,68,23.3,20.6,+1.3,+5.9,-,-,-,-,-,-,-,-,-,-,-,-,-,-,-,10.24
106,2601,1994Q3,-,-,22,21.8,+1,+4.8,-,-,-,-,-,-,-,-,-,-,-,-,-,-,-,-
107,2601,1994Q2,-,-,21,22,+0.5,+2.4,-,-,-,-,-,-,-,-,-,-,-,-,-,-,-,-
108,2601,1994Q1,-,-,20.5,22.7,-6,-22.6,-,-,-,-,-,-,-,-,-,-,-,-,-,-,-,-
109,2601,1993Q4,-,-,26.5,25.9,-0.9,-3.3,-,-,-,-,-,-,-,-,-,-,-,-,-,-,-,-
110,2601,1993Q3,-,-,27.4,29.5,+2.7,+10.9,-,-,-,-,-,-,-,-,-,-,-,-,-,-,-,-
111,2601,1993Q2,-,-,24.7,23.8,-0.4,-1.6,-,-,-,-,-,-,-,-,-,-,-,-,-,-,-,-
112,2601,1993Q1,-,-,25.1,22.4,+2.8,+12.6,-,-,-,-,-,-,-,-,-,-,-,-,-,-,-,-
113,2601,1992Q4,-,-,22.3,20.4,+4.91,+28.2,-,-,-,-,-,-,-,-,-,-,-,-,-,-,-,-
114,2601,1992Q3,-,-,17.39,21.4,-8.81,-33.6,-,-,-,-,-,-,-,-,-,-,-,-,-,-,-,-
115,2601,1992Q2,-,-,26.2,28.4,-4.8,-15.5,-,-,-,-,-,-,-,-,-,-,-,-,-,-,-,-
116,2601,1992Q1,-,-,31,32.9,+1.9,+6.5,-,-,-,-,-,-,-,-,-,-,-,-,-,-,-,-
117,2601,1991Q4,-,-,29.1,26.9,-1.6,-5.2,-,-,-,-,-,-,-,-,-,-,-,-,-,-,-,-
118,2601,1991Q3,-,-,30.7,31.2,-4,-11.5,-,-,-,-,-,-,-,-,-,-,-,-,-,-,-,-
119,2601,1991Q2,-,-,34.7,37,-0.5,-1.4,-,-,-,-,-,-,-,-,-,-,-,-,-,-,-,-
120,2601,1991Q1,-,-,35.2,29.3,+7.2,+25.7,-,-,-,-,-,-,-,-,-,-,-,-,-,-,-,-
