ID,sid,季度,股本(億),財報評分,季度股價(元)收盤,季度股價(元)平均,季度股價(元)漲跌,季度股價(元)漲跌(%),獲利金額(億)營業收入,獲利金額(億)營業毛利,獲利金額(億)營業利益,獲利金額(億)業外損益,獲利金額(億)稅後淨利,獲利率(%)營業毛利,獲利率(%)營業利益,獲利率(%)業外損益,獲利率(%)稅後淨利,單季ROE(%),年估ROE(%),單季ROA(%),年估ROA(%),EPS(元)稅後EPS,EPS(元)年增(元),BPS(元)
0,2851,2021Q1,-,-,23.1,22.2,+0.4,+1.8,-,-,-,-,-,-,-,-,-,-,-,-,-,-,-,-
1,2851,2020Q4,-,-,22.7,21.6,+2.45,+12.1,-,-,-,-,-,-,-,-,-,-,-,-,-,-,-,-
2,2851,2020Q3,59,57,20.25,19.6,+1.6,+8.6,45,7.13,6.19,0,5.23,15.9,13.8,0,11.6,4.22,16.9,1.26,5.04,0.88,+0.16,21.34
3,2851,2020Q2,59,45,18.65,18.5,+1.55,+9.1,44.5,6.42,5.38,0,4.66,14.4,12.1,0,10.5,3.83,15.3,1.13,4.53,0.79,+0.4,20.6
4,2851,2020Q1,59,52,17.1,19.2,-2.75,-13.9,43.3,6.46,5.46,0,4.42,14.9,12.6,0,10.2,3.66,14.6,1.11,4.43,0.75,+0.11,20.58
5,2851,2019Q4,59,36,19.85,18.9,+1.75,+9.7,38.4,2.64,1.69,0,0.72,6.86,4.41,0,1.87,0.6,2.41,0.18,0.73,0.12,-0.2,20.37
6,2851,2019Q3,59,45,18.1,17.9,+0.2,+1.1,40.5,6.07,5.19,0,4.26,15,12.8,0,10.5,3.66,14.6,1.08,4.32,0.72,+0.32,20.05
7,2851,2019Q2,59,39,17.9,18.1,+0.1,+0.6,40.2,4.03,3.27,0,2.28,10,8.14,0.01,5.67,1.97,7.88,0.58,2.33,0.39,+0.08,19.32
8,2851,2019Q1,59,43,17.8,17.6,+0.75,+4.4,41.8,5.88,4.92,0,3.79,14.1,11.8,0,9.06,3.31,13.2,1,3.98,0.64,-0.11,19.84
9,2851,2018Q4,59,43,17.05,17,-1.1,-6.1,36,3.28,2.44,0,1.89,9.1,6.77,0,5.26,1.68,6.73,0.51,2.03,0.32,+0.09,18.97
10,2851,2018Q3,59,39,18.15,19.1,-2.75,-13.2,35.9,3.98,3.04,0,2.34,11.1,8.47,0,6.51,2.09,8.35,0.62,2.49,0.4,-0.73,19.15
11,2851,2018Q2,56.2,48,20.9,20.1,+1.95,+10.3,37.9,4.14,3.13,0,1.82,10.9,8.26,0,4.82,1.61,6.46,0.49,1.94,0.31,-0.25,19.8
12,2851,2018Q1,56.2,45,18.95,18,+1.45,+8.3,38.9,6.08,5.16,-,4.44,15.6,13.3,-,11.4,3.91,15.6,1.21,4.82,0.75,+0.28,20.4
13,2851,2017Q4,56.2,39,17.5,16.6,+2.3,+15.1,34.7,3.08,1.92,0,1.3,8.89,5.55,0,3.75,1.17,4.7,0.36,1.43,0.23,-0.02,20.01
14,2851,2017Q3,56.2,61,15.2,15,+0.45,+3.1,39.8,8.8,7.92,0.01,6.65,22.1,19.9,0.02,16.7,6.31,25.2,1.85,7.4,1.13,+0.56,19.38
15,2851,2017Q2,56.2,45,14.75,14.5,+0.25,+1.7,36.2,4.88,4.07,0,3.29,13.5,11.2,0.01,9.08,3.28,13.1,0.93,3.72,0.56,+0.15,18.11
16,2851,2017Q1,56.2,40,14.5,15,-0.35,-2.4,35.3,3.9,3.02,-,2.66,11.1,8.56,-,7.52,2.75,11,0.78,3.11,0.47,+0.34,17.51
17,2851,2016Q4,56.2,39,14.85,14.3,+1,+7.2,32.7,2.4,1.69,-0.01,1.39,7.35,5.15,-0.04,4.25,1.47,5.86,0.41,1.65,0.25,-0.14,16.89
18,2851,2016Q3,56.2,45,13.85,13.8,+0.2,+1.5,35,4.5,3.72,0,3.18,12.8,10.6,0,9.09,3.42,13.7,0.93,3.74,0.57,+0.47,16.84
19,2851,2016Q2,56.2,50,13.65,14.3,-1.2,-8.1,34,3.53,2.76,0,2.33,10.4,8.11,0,6.86,2.52,10.1,0.68,2.73,0.41,+0.09,16.27
20,2851,2016Q1,56.2,45,14.85,14.8,0,0,32.7,1.81,0.98,0,0.75,5.53,3,0,2.3,0.8,3.22,0.22,0.9,0.13,-0.43,16.68
21,2851,2015Q4,56.2,48,14.85,15.1,-0.2,-1.3,33.6,3.51,2.71,0,2.17,10.4,8.06,0,6.46,2.35,9.42,0.65,2.61,0.39,+0.1,16.63
22,2851,2015Q3,56.2,43,15.05,15.5,-0.9,-5.6,34,1.57,0.77,-0.02,0.55,4.63,2.25,-0.06,1.62,0.6,2.4,0.16,0.66,0.1,-0.33,16.17
23,2851,2015Q2,56.2,41,15.95,17.2,-1.3,-7.5,34.8,3.56,2.71,0,1.81,10.2,7.79,0,5.19,1.88,7.52,0.53,2.11,0.32,-0.11,16.62
24,2851,2015Q1,56.2,43,17.25,16.7,+1.15,+7.1,38.3,4.55,3.65,0,3.13,11.9,9.54,0,8.18,3.24,13,0.92,3.67,0.56,+0.16,17.55
25,2851,2014Q4,56.2,43,16.1,15.9,-0.2,-1.2,40.4,2.82,1.95,0,1.65,6.99,4.83,0,4.08,1.78,7.12,0.49,1.96,0.29,+0.2,16.82
26,2851,2014Q3,56.2,48,16.3,16.4,-0.55,-3.3,40.3,3.73,2.86,0,2.4,9.26,7.09,0,5.94,2.67,10.7,0.71,2.85,0.43,-0.4,16.09
27,2851,2014Q2,56.2,41,16.85,16.3,+1.15,+7.3,41,3.58,2.58,0,2.42,8.73,6.3,0,5.92,2.68,10.7,0.72,2.88,0.43,+0.32,15.79
28,2851,2014Q1,56.2,43,15.7,14.6,+1.3,+9,41.2,3.63,2.62,0,2.24,8.82,6.37,0,5.44,2.46,9.83,0.67,2.7,0.4,+0.12,16.39
29,2851,2013Q4,56.2,45,14.4,13.8,+1.45,+11.2,37.7,1.74,0.84,0,0.53,4.61,2.23,0,1.41,0.6,2.39,0.16,0.65,0.09,-0.09,16.07
30,2851,2013Q3,56.2,57,12.95,13.1,-0.45,-3.4,41.7,6.5,5.54,0,4.65,15.6,13.3,0.01,11.2,5.51,22,1.42,5.69,0.83,+0.56,15.5
31,2851,2013Q2,55.1,45,13.4,13.5,-0.25,-1.8,37,2.11,1.17,0,0.61,5.72,3.17,0,1.65,0.73,2.94,0.19,0.75,0.11,+0.08,14.8
32,2851,2013Q1,55.1,41,13.65,13.9,-0.1,-0.7,37.5,2.87,1.89,0,1.53,7.66,5.04,0,4.09,1.87,7.49,0.47,1.9,0.28,-0.46,15.21
33,2851,2012Q4,55.1,45,13.75,13,+0.35,+2.6,35.6,2.29,1.41,0,1.01,6.44,3.95,0,2.84,1.28,5.13,0.32,1.27,0.18,-,14.5
34,2851,2012Q3,55.1,43,13.4,12.9,+1.2,+9.8,35.3,2.73,1.87,0,1.52,7.75,5.3,0,4.32,2,8.02,0.48,1.94,0.27,-,14.06
35,2851,2012Q2,55.1,45,12.2,11.9,-0.1,-0.8,34.1,1.06,0.17,0.2,0.18,3.1,0.5,0.58,0.54,0.24,0.98,0.06,0.23,0.03,-,13.51
36,2851,2012Q1,55.1,57,12.3,12.7,-0.2,-1.6,38.5,5.27,4.29,0,4.07,13.7,11.1,0,10.6,5.36,21.4,1.29,5.14,0.74,-,13.78
37,2851,2011Q4,-,-,12.5,13.3,-1.45,-10.4,-,-,-,-,-,-,-,-,-,-,-,-,-,-,-,-
38,2851,2011Q3,-,-,13.95,15.7,-3.45,-19.8,-,-,-,-,-,-,-,-,-,-,-,-,-,-,-,-
39,2851,2011Q2,-,-,17.4,17.3,+0.6,+3.6,-,-,-,-,-,-,-,-,-,-,-,-,-,-,-,-
40,2851,2011Q1,-,-,16.8,17.5,-2.4,-12.5,-,-,-,-,-,-,-,-,-,-,-,-,-,-,-,-
41,2851,2010Q4,-,-,19.2,16.5,+3.9,+25.5,-,-,-,-,-,-,-,-,-,-,-,-,-,-,-,-
42,2851,2010Q3,-,-,15.3,15.7,-1,-6.1,-,-,-,-,-,-,-,-,-,-,-,-,-,-,-,-
43,2851,2010Q2,-,-,16.3,16.2,+0.05,+0.3,-,-,-,-,-,-,-,-,-,-,-,-,-,-,-,-
44,2851,2010Q1,-,-,16.25,13.1,+2.65,+19.5,-,-,-,-,-,-,-,-,-,-,-,-,-,-,-,-
45,2851,2009Q4,-,-,13.6,13.2,+1.2,+9.7,-,-,-,-,-,-,-,-,-,-,-,-,-,-,-,-
46,2851,2009Q3,-,-,12.4,11.3,+1.9,+18.1,-,-,-,-,-,-,-,-,-,-,-,-,-,-,-,-
47,2851,2009Q2,-,-,10.5,10.5,+1.04,+11,-,-,-,-,-,-,-,-,-,-,-,-,-,-,-,-
48,2851,2009Q1,-,-,9.46,7.86,+1.8,+23.5,-,-,-,-,-,-,-,-,-,-,-,-,-,-,-,-
49,2851,2008Q4,-,-,7.66,8.12,-1.97,-20.5,-,-,-,-,-,-,-,-,-,-,-,-,-,-,-,-
50,2851,2008Q3,-,-,9.63,14,-6.67,-40.9,-,-,-,-,-,-,-,-,-,-,-,-,-,-,-,-
51,2851,2008Q2,-,-,16.3,18.6,-2.7,-14.2,-,-,-,-,-,-,-,-,-,-,-,-,-,-,-,-
52,2851,2008Q1,-,-,19,16.9,+3.15,+19.9,-,-,-,-,-,-,-,-,-,-,-,-,-,-,-,-
53,2851,2007Q4,-,-,15.85,16.5,+0.15,+1,-,-,-,-,-,-,-,-,-,-,-,-,-,-,-,-
54,2851,2007Q3,-,-,15.7,15.3,+0.8,+5.4,-,-,-,-,-,-,-,-,-,-,-,-,-,-,-,-
55,2851,2007Q2,-,-,14.9,13.7,+2.1,+16.4,-,-,-,-,-,-,-,-,-,-,-,-,-,-,-,-
56,2851,2007Q1,-,-,12.8,12.7,+0.05,+0.4,-,-,-,-,-,-,-,-,-,-,-,-,-,-,-,-
57,2851,2006Q4,-,-,12.75,12.2,+1,+8.5,-,-,-,-,-,-,-,-,-,-,-,-,-,-,-,-
58,2851,2006Q3,-,-,11.75,11.7,-0.25,-2.1,-,-,-,-,-,-,-,-,-,-,-,-,-,-,-,-
59,2851,2006Q2,-,-,12,11.9,+0.5,+4.3,-,-,-,-,-,-,-,-,-,-,-,-,-,-,-,-
60,2851,2006Q1,-,-,11.5,11.6,-0.1,-0.9,-,-,-,-,-,-,-,-,-,-,-,-,-,-,-,-
61,2851,2005Q4,-,-,11.6,11.5,0,0,-,-,-,-,-,-,-,-,-,-,-,-,-,-,-,-
62,2851,2005Q3,-,-,11.6,12.1,-1.5,-11.5,-,-,-,-,-,-,-,-,-,-,-,-,-,-,-,-
63,2851,2005Q2,-,-,13.1,12.8,-0.15,-1.1,-,-,-,-,-,-,-,-,-,-,-,-,-,-,-,-
64,2851,2005Q1,-,-,13.25,13.3,-0.4,-2.9,-,-,-,-,-,-,-,-,-,-,-,-,-,-,-,-
65,2851,2004Q4,-,-,13.65,13.2,+0.15,+1.1,-,-,-,-,-,-,-,-,-,-,-,-,-,-,-,-
66,2851,2004Q3,-,-,13.5,13,-0.7,-4.9,-,-,-,-,-,-,-,-,-,-,-,-,-,-,-,-
67,2851,2004Q2,-,-,14.2,14,-1,-6.6,-,-,-,-,-,-,-,-,-,-,-,-,-,-,-,-
68,2851,2004Q1,-,-,15.2,14.2,+2.5,+19.7,-,-,-,-,-,-,-,-,-,-,-,-,-,-,-,-
69,2851,2003Q4,-,-,12.7,12.3,+0.8,+6.7,-,-,-,-,-,-,-,-,-,-,-,-,-,-,-,-
70,2851,2003Q3,-,-,11.9,11.7,+0.3,+2.6,-,-,-,-,-,-,-,-,-,-,-,-,-,-,-,-
71,2851,2003Q2,-,-,11.6,12.1,-0.1,-0.9,-,-,-,-,-,-,-,-,-,-,-,-,-,-,-,-
72,2851,2003Q1,-,-,11.7,11.8,+0.95,+8.8,-,-,-,-,-,-,-,-,-,-,-,-,-,-,-,-
73,2851,2002Q4,-,-,10.75,10.5,+0.75,+7.5,-,-,-,-,-,-,-,-,-,-,-,-,-,-,-,-
74,2851,2002Q3,-,-,10,10.6,-0.45,-4.3,-,-,-,-,-,-,-,-,-,-,-,-,-,-,-,-
75,2851,2002Q2,-,-,10.45,10.4,+0.3,+3,-,-,-,-,-,-,-,-,-,-,-,-,-,-,-,-
76,2851,2002Q1,-,-,10.15,10.1,+0.4,+4.1,-,-,-,-,-,-,-,-,-,-,-,-,-,-,-,-
77,2851,2001Q4,-,-,9.75,8.47,+1.55,+18.9,-,-,-,-,-,-,-,-,-,-,-,-,-,-,-,-
78,2851,2001Q3,-,-,8.2,9.02,-0.95,-10.4,-,-,-,-,-,-,-,-,-,-,-,-,-,-,-,-
79,2851,2001Q2,-,-,9.15,9.08,-0.15,-1.6,-,-,-,-,-,-,-,-,-,-,-,-,-,-,-,-
80,2851,2001Q1,-,-,9.3,9.13,+1.85,+24.8,-,-,-,-,-,-,-,-,-,-,-,-,-,-,-,-
81,2851,2000Q4,-,-,7.45,7.46,+0.65,+9.6,-,-,-,-,-,-,-,-,-,-,-,-,-,-,-,-
82,2851,2000Q3,-,-,6.8,9.18,-6.7,-49.6,-,-,-,-,-,-,-,-,-,-,-,-,-,-,-,-
