ID,sid,季度,股本(億),財報評分,季度股價(元)收盤,季度股價(元)平均,季度股價(元)漲跌,季度股價(元)漲跌(%),獲利金額(億)營業收入,獲利金額(億)營業毛利,獲利金額(億)營業利益,獲利金額(億)業外損益,獲利金額(億)稅後淨利,獲利率(%)營業毛利,獲利率(%)營業利益,獲利率(%)業外損益,獲利率(%)稅後淨利,單季ROE(%),年估ROE(%),單季ROA(%),年估ROA(%),EPS(元)稅後EPS,EPS(元)年增(元),BPS(元)
0,1229,2021Q1,-,-,40.65,41.2,-1.95,-4.6,-,-,-,-,-,-,-,-,-,-,-,-,-,-,-,-
1,1229,2020Q4,-,-,42.6,40.9,+2.8,+7,-,-,-,-,-,-,-,-,-,-,-,-,-,-,-,-
2,1229,2020Q3,128,55,39.8,43.2,-2.7,-6.4,23.3,4.42,1.87,8.82,9.85,19,8.02,37.8,44.7,2.62,10.5,2.05,8.18,0.77,-0.14,22.74
3,1229,2020Q2,110,64,42.5,41.8,+5.25,+14.1,27.1,9.43,7.13,7.51,10.3,34.8,26.3,27.7,52.7,3.77,15.1,2.95,11.8,0.94,+0.69,24.9
4,1229,2020Q1,110,47,37.25,36.6,+0.3,+0.8,20.5,3.58,1.14,1.4,2.19,17.5,5.57,6.83,10.8,0.59,2.37,0.48,1.9,0.2,-0.76,24.06
5,1229,2019Q4,110,49,36.95,35.3,+3.25,+9.6,23,3.74,1.07,3.76,4.55,16.2,4.64,16.3,20.4,1.27,5.09,1.01,4.03,0.41,-0.11,24.57
6,1229,2019Q3,110,68,33.7,36.6,-3.7,-9.9,27.2,9.69,7.05,7.12,10,35.7,25.9,26.2,51.2,3.85,15.4,3,12,0.91,+0.24,23.5
7,1229,2019Q2,105,45,37.4,35,+3.75,+11.1,20.2,3.26,0.76,2.43,2.6,16.1,3.74,12,11.6,0.64,2.56,0.51,2.05,0.25,-0.36,24.67
8,1229,2019Q1,105,60,33.65,31,+4,+13.5,12.3,2.01,0.68,9.95,10.5,16.4,5.55,81,85.5,3.39,13.6,2.76,11,0.96,+0.44,25.79
9,1229,2018Q4,105,55,29.65,31,-5.65,-16,13.3,2.19,0.92,4.5,5.46,16.4,6.89,33.8,40.9,2.19,8.77,1.79,7.16,0.52,-0.19,23.34
10,1229,2018Q3,105,57,35.3,37.8,-2.45,-6.5,12.8,2.04,0.67,6.34,7.4,16,5.21,49.7,57.8,2.91,11.6,2.4,9.61,0.67,-0.49,23.8
11,1229,2018Q2,95.6,57,37.75,37.9,-1.45,-3.7,12.6,2.06,0.7,5.96,6.46,16.3,5.54,47.2,51,2.47,9.87,2.09,8.35,0.61,-0.04,26.83
12,1229,2018Q1,95.6,55,39.2,38,+2.6,+7.1,12.2,2.03,0.72,4.9,5.45,16.6,5.87,40,44.5,2.11,8.43,1.81,7.23,0.52,+0.04,27.6
13,1229,2017Q4,95.6,55,36.6,32.2,+7.15,+24.3,12.5,2.37,1.19,5.81,6.81,18.9,9.52,46.4,54.4,2.76,11,2.36,9.44,0.71,+0.15,26.37
14,1229,2017Q3,95.6,68,29.45,28.7,+1.25,+4.4,12.1,2.42,1.13,11.3,12.2,19.9,9.28,93.1,100,5.19,20.8,4.3,17.2,1.16,+0.38,25.08
15,1229,2017Q2,91.1,60,28.2,27.1,+2.75,+10.8,11.9,2.51,1.22,5.11,6.19,21.1,10.2,42.9,50.7,2.66,10.7,2.2,8.79,0.65,-0.01,24.93
16,1229,2017Q1,91.1,60,25.45,23.5,+3.4,+15.4,11.4,2.5,1.28,3.46,4.58,21.9,11.2,30.3,40,2.04,8.14,1.72,6.89,0.48,+0.11,24.86
17,1229,2016Q4,91.1,62,22.05,21.7,+1.05,+5,12.7,3.15,1.7,3.33,5.09,24.7,13.3,26.1,39.7,2.29,9.17,1.88,7.52,0.56,+0.46,24.19
18,1229,2016Q3,91.1,62,21,21.4,-0.05,-0.2,13.1,3.12,1.7,6.15,7.14,23.9,13,47,54.5,3.36,13.5,2.66,10.6,0.78,+0.41,24.11
19,1229,2016Q2,88.9,60,21.05,20.4,+0.8,+4,13.3,2.85,1.49,4.48,5.9,21.4,11.2,33.7,43.8,2.84,11.4,2.28,9.14,0.66,-0.18,22.77
20,1229,2016Q1,88.9,57,20.25,19.2,+1.25,+6.6,13.1,2.8,1.47,2,3.41,21.3,11.2,15.3,25.9,1.66,6.62,1.37,5.48,0.37,+0.04,23.24
21,1229,2015Q4,88.9,43,19,19.3,0,0,13.8,2.56,1.22,-0.61,0.92,18.6,8.88,-4.42,6.32,0.43,1.73,0.36,1.42,0.1,-0.09,22.7
22,1229,2015Q3,88.9,51,19,20.2,-2.65,-12.2,13.7,2.12,0.84,2.47,3.27,15.5,6.15,18.1,23.7,1.54,6.16,1.24,4.94,0.37,-0.13,22.4
23,1229,2015Q2,85.5,55,21.65,21.2,+0.2,+0.9,13.1,1.61,0.44,6.89,7.15,12.3,3.37,52.6,54.7,3.29,13.1,2.67,10.7,0.84,+0.3,25.63
24,1229,2015Q1,85.5,49,21.45,20.8,+1,+4.9,12.5,1.56,0.52,2.36,2.82,12.5,4.18,18.9,22.5,1.31,5.23,1.09,4.38,0.33,-0.45,25.11
25,1229,2014Q4,85.5,47,20.45,19.9,+0.15,+0.7,13.9,1.98,1.11,0.44,1.59,14.2,8.01,3.16,11,0.72,2.87,0.6,2.38,0.19,-0.23,25.32
26,1229,2014Q3,85.4,57,20.3,20.7,-0.7,-3.3,13.4,1.67,0.42,3.86,4.3,12.5,3.12,28.9,31.3,1.97,7.88,1.59,6.34,0.5,+0.01,24.45
27,1229,2014Q2,85.4,51,21,20.1,+1.5,+7.7,13.3,1.52,0.5,4.58,4.63,11.4,3.74,34.4,34.3,2.11,8.46,1.7,6.81,0.54,+0.15,25.01
28,1229,2014Q1,85.3,60,19.5,19.3,+0.1,+0.5,12.5,1.54,0.52,6.25,6.67,12.4,4.16,50.2,53.1,3.09,12.4,2.52,10.1,0.78,+0.51,25.46
29,1229,2013Q4,85.3,51,19.4,19,+0.45,+2.4,14.4,2.01,1.08,2.32,3.54,14,7.49,16.1,24.6,1.74,6.96,1.39,5.58,0.42,+0.12,24.41
30,1229,2013Q3,85.3,53,18.95,19.1,-0.6,-3.1,13.4,1.49,0.56,3.59,4.15,11.1,4.16,26.7,30.5,2.14,8.55,1.66,6.62,0.49,-0.08,23.13
31,1229,2013Q2,85.1,47,19.55,19.8,+0.05,+0.3,13.3,1.29,0.4,3.5,3.32,9.68,3.01,26.3,24.7,1.69,6.76,1.31,5.25,0.39,-0.2,21.64
32,1229,2013Q1,85,47,19.5,19.4,+0.55,+2.9,12.5,1.32,0.38,1.94,2.34,10.5,3.03,15.5,18.3,1.14,4.57,0.91,3.65,0.27,-0.13,23.86
33,1229,2012Q4,84.9,45,18.95,18.9,-0.65,-3.3,13.4,1.99,1.04,1.59,2.57,14.8,7.73,11.8,18.5,1.21,4.86,0.98,3.9,0.3,-0.08,23.3
34,1229,2012Q3,84.8,57,19.6,18.9,+1.5,+8.3,13,1.53,0.6,4.29,4.81,11.8,4.65,33.1,36.7,2.26,9.03,1.8,7.19,0.57,+0.18,25.13
35,1229,2012Q2,84.8,53,18.1,18.1,-1.15,-6,12.5,1.4,0.48,5.06,5,11.2,3.82,40.6,39.7,2.31,9.25,1.84,7.37,0.59,-0.18,24.76
36,1229,2012Q1,84.8,51,19.25,19.1,+1.7,+9.7,12.6,1.17,0.32,3.09,3.38,9.29,2.55,24.6,26.8,1.57,6.26,1.27,5.09,0.4,+0.1,25.28
37,1229,2011Q4,84.8,44,17.55,17.7,+0.8,+4.8,14.7,1.21,0.3,-,3.2,8.23,2.06,-,21.7,1.52,6.07,1.23,4.91,0.38,-0.49,24.75
38,1229,2011Q3,84.7,49,16.75,20.2,-5.05,-23.2,12.9,0.88,-0.02,-,3.27,6.86,-0.12,-,25.4,1.58,6.32,1.24,4.95,0.39,-0.24,24.32
39,1229,2011Q2,82.2,51,21.8,21.8,+1.3,+6.3,13.5,1.4,0.49,-,6.32,10.3,3.59,-,46.8,2.98,11.9,2.35,9.41,0.77,+0.08,24.88
40,1229,2011Q1,82.1,42,20.5,21.8,-2.95,-12.6,12.2,1.14,0.43,-,2.49,9.34,3.52,-,20.3,1.14,4.57,0.92,3.69,0.3,+0.05,26.29
41,1229,2010Q4,82,57,23.45,23.3,+3.6,+18.1,13.7,1.65,0.75,5.79,7.15,12.1,5.5,42.4,52.9,3.49,13.9,2.79,11.2,0.87,+0.09,26.34
42,1229,2010Q3,81.5,60,19.85,19.3,+4.05,+25.6,11.1,1.51,0.38,2.78,5.11,13.5,3.38,25,46.3,2.65,10.6,2.02,8.06,0.63,+0.35,23.84
43,1229,2010Q2,81.4,55,15.8,16.4,+0.35,+2.3,9.98,1.07,0.27,7.03,5.6,10.7,2.7,70.4,46.8,2.57,10.3,1.88,7.52,0.69,+0.17,22.87
44,1229,2010Q1,81.4,45,15.45,15.2,-0.3,-1.9,10.5,1.4,0.61,1.66,2,13.4,5.85,15.8,17.6,1.08,4.31,0.81,3.25,0.25,+0.21,20.13
45,1229,2009Q4,81.4,72,15.75,15.5,+0.8,+5.4,1.72,1.31,1.23,5.89,6.35,76.4,71.6,342,362,3.75,15,2.88,11.5,0.78,+1.4,20.1
46,1229,2009Q3,81.4,45,14.95,15,+0.6,+4.2,13.9,1.62,0.62,1.73,2.32,11.6,4.48,12.4,16,1.41,5.62,1.06,4.22,0.28,+0.07,18.83
47,1229,2009Q2,78.7,51,14.35,15,+2.25,+18.6,13.7,1.43,0.27,3.79,4.04,10.4,1.99,27.8,29.6,2.64,10.6,1.96,7.85,0.52,+0.04,18.67
48,1229,2009Q1,78.7,32,12.1,11.6,+0.5,+4.3,11.6,0.41,-0.52,0.57,0.32,3.55,-4.51,4.95,-0.18,-0.01,-0.06,-0.01,-0.04,0.04,-0.16,18.18
49,1229,2008Q4,78.7,26,11.6,11,+1.3,+12.6,15.8,-0.92,-1.89,-3.73,-4.87,-5.79,-11.9,-23.6,-32.8,-3.43,-13.7,-2.5,-9.98,-0.62,-1.34,17.67
50,1229,2008Q3,78.7,40,10.3,14.6,-6.5,-38.7,15.9,0.1,-0.98,2.27,1.65,0.65,-6.19,14.3,9.12,0.91,3.64,0.67,2.68,0.21,-0.14,19.04
51,1229,2008Q2,74.8,45,16.8,22.5,-6.9,-29.1,15.4,0.96,-0.07,4.1,3.78,6.21,-0.43,26.6,22.4,2.08,8.31,1.61,6.44,0.48,-0.42,20.56
52,1229,2008Q1,74.8,43,23.7,21,+5.2,+28.1,15.4,1.2,0.18,1.27,1.46,7.76,1.17,8.27,7.42,0.68,2.7,0.54,2.18,0.2,-,21.72
53,1229,2007Q4,70.9,57,18.5,18.5,-5.2,-21.9,58.1,3.28,-0.66,14.8,14.8,5.64,-1.13,25.5,23.5,8.12,32.5,6.55,26.2,0.72,+0.09,22.4
54,1229,2007Q3,70.9,24,23.7,19.7,+6,+33.9,15.9,0,-1.08,2.37,1.65,0.02,-6.83,14.9,9.12,-,-,-,-,0.35,-,23.53
55,1229,2007Q2,68.1,51,17.7,16.9,+1.6,+9.9,25.1,0.73,-1.23,8.04,7.3,2.89,-4.91,32,26.3,4.07,16.3,3.27,13.1,0.9,+0.34,22.48
56,1229,2007Q1,-,-,16.1,16.2,-1.7,-9.6,-,-,-,-,-,-,-,-,-,-,-,-,-,-,-,-
57,1229,2006Q4,68,59,17.8,17.1,+3.25,+22.3,-,-,-,-,4.23,-,-,-,-,2.74,11,2.22,8.88,0.63,+0.15,21.33
58,1229,2006Q3,-,-,14.55,14,-0.1,-0.7,-,-,-,-,-,-,-,-,-,-,-,-,-,-,-,-
59,1229,2006Q2,66.6,56,14.65,13.9,+3.3,+29.1,-,-,-,-,3.74,-,-,-,-,2.79,11.1,2.19,8.77,0.56,+0.11,18.86
60,1229,2006Q1,-,-,11.35,12.1,-1.05,-8.5,-,-,-,-,-,-,-,-,-,-,-,-,-,-,-,-
61,1229,2005Q4,66.5,56,12.4,11.1,+1.05,+9.3,-,-,-,-,3.14,-,-,-,-,2.72,10.9,2.1,8.39,0.48,+0.73,16.09
62,1229,2005Q3,-,-,11.35,11.3,+0.15,+1.3,-,-,-,-,-,-,-,-,-,-,-,-,-,-,-,-
63,1229,2005Q2,66.6,56,11.2,11.1,-0.2,-1.8,-,-,-,-,2.98,-,-,-,-,2.74,11,2.08,8.31,0.45,-,14.93
64,1229,2005Q1,-,-,11.4,12.5,-1.8,-13.6,-,-,-,-,-,-,-,-,-,-,-,-,-,-,-,-
65,1229,2004Q4,66.3,41,13.2,11.6,+2.4,+22.2,-,-,-,-,-1.6,-,-,-,-,-1.62,-6.49,-1.27,-5.07,-0.25,-0.45,14.56
66,1229,2004Q3,-,-,10.8,10.4,+0.4,+3.8,-,-,-,-,-,-,-,-,-,-,-,-,-,-,-,-
67,1229,2004Q2,-,-,10.4,10.5,-1.75,-14.4,-,-,-,-,-,-,-,-,-,-,-,-,-,-,-,-
68,1229,2004Q1,-,-,12.15,12.9,+2.65,+27.9,-,-,-,-,-,-,-,-,-,-,-,-,-,-,-,-
69,1229,2003Q4,66.1,44,9.5,9.77,+0.8,+9.2,-,-,-,-,1.26,-,-,-,-,1.29,5.15,0.98,3.92,0.2,+0.32,14.79
70,1229,2003Q3,-,-,8.7,8.53,+0.7,+8.7,-,-,-,-,-,-,-,-,-,-,-,-,-,-,-,-
71,1229,2003Q2,-,-,8,7.71,+0.25,+3.2,-,-,-,-,-,-,-,-,-,-,-,-,-,-,-,-
72,1229,2003Q1,-,-,7.75,9.04,-0.9,-10.4,-,-,-,-,-,-,-,-,-,-,-,-,-,-,-,-
73,1229,2002Q4,66.1,37,8.65,8.3,+1.65,+23.6,-,-,-,-,-0.77,-,-,-,-,-0.81,-3.26,-0.61,-2.45,-0.12,-0.2,14.2
74,1229,2002Q3,-,-,7,7.95,-1.15,-14.1,-,-,-,-,-,-,-,-,-,-,-,-,-,-,-,-
75,1229,2002Q2,-,-,8.15,9.38,-0.85,-9.4,-,-,-,-,-,-,-,-,-,-,-,-,-,-,-,-
76,1229,2002Q1,-,-,9,7.61,+2.95,+48.8,-,-,-,-,-,-,-,-,-,-,-,-,-,-,-,-
77,1229,2001Q4,66.1,44,6.05,5.27,+0.9,+17.5,-,-,-,-,0.51,-,-,-,-,0.55,2.21,0.4,1.62,0.08,-,14.07
78,1229,2001Q3,-,-,5.15,5.35,-0.9,-14.9,-,-,-,-,-,-,-,-,-,-,-,-,-,-,-,-
79,1229,2001Q2,-,-,6.05,7.6,-3.6,-37.3,-,-,-,-,-,-,-,-,-,-,-,-,-,-,-,-
80,1229,2001Q1,-,-,9.65,9.62,+1.75,+22.2,-,-,-,-,-,-,-,-,-,-,-,-,-,-,-,-
81,1229,2000Q4,-,-,7.9,9.8,-3.35,-29.8,-,-,-,-,-,-,-,-,-,-,-,-,-,-,-,-
82,1229,2000Q3,-,-,11.25,11.7,-1.45,-11.4,-,-,-,-,-,-,-,-,-,-,-,-,-,-,-,-
83,1229,2000Q2,-,-,12.7,16.9,-8.3,-39.5,-,-,-,-,-,-,-,-,-,-,-,-,-,-,-,-
84,1229,2000Q1,-,-,21,19.8,+7,+50,-,-,-,-,-,-,-,-,-,-,-,-,-,-,-,-
85,1229,1999Q4,-,-,14.1,14.7,-1.4,-9,-,-,-,-,-,-,-,-,-,-,-,-,-,-,-,-
86,1229,1999Q3,-,-,15.5,15,-0.5,-3.1,-,-,-,-,-,-,-,-,-,-,-,-,-,-,-,-
87,1229,1999Q2,-,-,16,17.8,-1.1,-6.4,-,-,-,-,-,-,-,-,-,-,-,-,-,-,-,-
88,1229,1999Q1,-,-,17.1,16.2,-1.29,-7,-,-,-,-,-,-,-,-,-,-,-,-,-,-,-,-
89,1229,1998Q4,-,-,18.39,20.6,-0.81,-4.2,-,-,-,-,-,-,-,-,-,-,-,-,-,-,-,-
90,1229,1998Q3,-,-,19.2,21.6,-5.7,-22.9,-,-,-,-,-,-,-,-,-,-,-,-,-,-,-,-
91,1229,1998Q2,-,-,24.9,23.8,-6,-19.4,-,-,-,-,-,-,-,-,-,-,-,-,-,-,-,-
92,1229,1998Q1,-,-,30.9,24.3,+8.2,+36.1,-,-,-,-,-,-,-,-,-,-,-,-,-,-,-,-
93,1229,1997Q4,-,-,22.7,20.4,-2.4,-9.6,-,-,-,-,-,-,-,-,-,-,-,-,-,-,-,-
94,1229,1997Q3,-,-,25.1,26.2,-5.5,-18,-,-,-,-,-,-,-,-,-,-,-,-,-,-,-,-
95,1229,1997Q2,-,-,30.6,31.5,-4.4,-12.6,-,-,-,-,-,-,-,-,-,-,-,-,-,-,-,-
96,1229,1997Q1,-,-,35,35.3,+3.4,+10.8,-,-,-,-,-,-,-,-,-,-,-,-,-,-,-,-
97,1229,1996Q4,-,-,31.6,31.7,-0.1,-0.3,-,-,-,-,-,-,-,-,-,-,-,-,-,-,-,-
98,1229,1996Q3,-,-,31.7,30.1,+2.6,+8.9,-,-,-,-,-,-,-,-,-,-,-,-,-,-,-,-
99,1229,1996Q2,-,-,29.1,27.2,+4.1,+16.4,-,-,-,-,-,-,-,-,-,-,-,-,-,-,-,-
100,1229,1996Q1,-,-,25,23.6,+0.5,+2,-,-,-,-,-,-,-,-,-,-,-,-,-,-,-,-
101,1229,1995Q4,-,-,24.5,24.3,-1.3,-5,-,-,-,-,-,-,-,-,-,-,-,-,-,-,-,-
102,1229,1995Q3,-,-,25.8,27.4,-6.99,-21.3,-,-,-,-,-,-,-,-,-,-,-,-,-,-,-,-
103,1229,1995Q2,-,-,32.79,39.2,-13.51,-29.2,-,-,-,-,-,-,-,-,-,-,-,-,-,-,-,-
104,1229,1995Q1,-,-,46.3,44.9,-6.7,-12.6,-,-,-,-,-,-,-,-,-,-,-,-,-,-,-,-
105,1229,1994Q4,-,-,53,51,-5,-8.6,-,-,-,-,-,-,-,-,-,-,-,-,-,-,-,-
106,1229,1994Q3,-,-,58,54.8,+14,+31.8,-,-,-,-,-,-,-,-,-,-,-,-,-,-,-,-
107,1229,1994Q2,-,-,44,38.5,+11.8,+36.6,-,-,-,-,-,-,-,-,-,-,-,-,-,-,-,-
108,1229,1994Q1,-,-,32.2,35.9,-4.9,-13.2,-,-,-,-,-,-,-,-,-,-,-,-,-,-,-,-
109,1229,1993Q4,-,-,37.1,28.3,+13.1,+54.6,-,-,-,-,-,-,-,-,-,-,-,-,-,-,-,-
110,1229,1993Q3,-,-,24,24.8,-3,-11.1,-,-,-,-,-,-,-,-,-,-,-,-,-,-,-,-
111,1229,1993Q2,-,-,27,30.3,-7.1,-20.8,-,-,-,-,-,-,-,-,-,-,-,-,-,-,-,-
112,1229,1993Q1,-,-,34.1,28.1,+11.4,+50.2,-,-,-,-,-,-,-,-,-,-,-,-,-,-,-,-
113,1229,1992Q4,-,-,22.7,28,-4.9,-17.8,-,-,-,-,-,-,-,-,-,-,-,-,-,-,-,-
114,1229,1992Q3,-,-,27.6,35.7,-12.8,-31.7,-,-,-,-,-,-,-,-,-,-,-,-,-,-,-,-
115,1229,1992Q2,-,-,40.4,35.5,+7.2,+21.7,-,-,-,-,-,-,-,-,-,-,-,-,-,-,-,-
116,1229,1992Q1,-,-,33.2,33.9,+2,+6.4,-,-,-,-,-,-,-,-,-,-,-,-,-,-,-,-
117,1229,1991Q4,-,-,31.2,29.8,-3.59,-10.3,-,-,-,-,-,-,-,-,-,-,-,-,-,-,-,-
118,1229,1991Q3,-,-,34.79,37.2,-8.01,-18.7,-,-,-,-,-,-,-,-,-,-,-,-,-,-,-,-
119,1229,1991Q2,-,-,42.8,42.7,+3.8,+9.7,-,-,-,-,-,-,-,-,-,-,-,-,-,-,-,-
120,1229,1991Q1,-,-,39,28.6,+14,+56,-,-,-,-,-,-,-,-,-,-,-,-,-,-,-,-
