ID,sid,季度,股本(億),財報評分,季度股價(元)收盤,季度股價(元)平均,季度股價(元)漲跌,季度股價(元)漲跌(%),獲利金額(億)營業收入,獲利金額(億)營業毛利,獲利金額(億)營業利益,獲利金額(億)業外損益,獲利金額(億)稅後淨利,獲利率(%)營業毛利,獲利率(%)營業利益,獲利率(%)業外損益,獲利率(%)稅後淨利,單季ROE(%),年估ROE(%),單季ROA(%),年估ROA(%),EPS(元)稅後EPS,EPS(元)年增(元),BPS(元)
0,1435,2021Q1,-,-,26.65,28,+3.35,+14.4,-,-,-,-,-,-,-,-,-,-,-,-,-,-,-,-
1,1435,2020Q4,-,-,23.3,19.9,+8.25,+54.8,-,-,-,-,-,-,-,-,-,-,-,-,-,-,-,-
2,1435,2020Q3,14,38,15.05,9.9,+6.3,+72,0.04,0.04,-0.05,-0.06,-0.11,94,-138,-155,-293,-1.28,-5.13,-1.07,-4.28,-0.09,-0.07,6.81
3,1435,2020Q2,14,55,8.75,8.15,+1.65,+23.2,0.04,0.04,-0.04,0.09,0.04,92.7,-114,223,109,0.47,1.87,0.39,1.57,0.03,+0.02,7.04
4,1435,2020Q1,14,36,7.1,7.98,-0.2,-2.7,0.04,0.03,-0.06,-0.07,-0.13,93.1,-149,-190,-340,-1.41,-5.63,-1.18,-4.74,-0.1,-0.2,7.11
5,1435,2019Q4,14,57,7.3,6.63,+1.44,+24.6,0.05,0.05,-0.03,0.13,0.09,94.5,-65.8,249,182,1.06,4.22,0.89,3.55,0.07,+0.14,7.23
6,1435,2019Q3,14,45,5.86,5.52,+0.55,+10.4,0.05,0.05,-0.05,0.03,-0.02,94.1,-93.1,49.9,-43.2,-0.26,-1.03,-0.22,-0.87,-0.02,+0.06,7.09
7,1435,2019Q2,14,51,5.31,5.4,-0.15,-2.7,0.05,0.05,-0.04,0.05,0.01,93.5,-81.7,97,15.3,0.09,0.37,0.08,0.31,0.01,-0.08,7.14
8,1435,2019Q1,14,60,5.46,5.47,+0.07,+1.3,0.05,0.05,-0.04,0.17,0.13,94.1,-78.8,316,237,1.42,5.69,1.2,4.79,0.1,+0.14,7.17
9,1435,2018Q4,14,36,5.39,5.45,-0.11,-2,0.07,0.06,-0.02,-0.07,-0.09,94.9,-26.1,-107,-134,-1.03,-4.12,-0.86,-3.44,-0.07,+0.02,7.06
10,1435,2018Q3,14,38,5.5,5.42,+0.04,+0.7,0.07,0.06,-0.04,-0.05,-0.09,93.8,-59.8,-81,-141,-1.05,-4.2,-0.88,-3.51,-0.08,-0.12,7.14
11,1435,2018Q2,14,62,5.46,5.57,-0.08,-1.4,0.07,0.07,-0.01,0.12,0.11,95.9,-17.7,161,143,1.19,4.77,1,4,0.09,+0.07,7.23
12,1435,2018Q1,14,43,5.54,5.53,+0.18,+3.4,0.09,0.08,-0.01,-0.04,-0.04,93.1,-6.08,-42.4,-48.5,-0.48,-1.92,-0.41,-1.62,-0.04,-0.03,7.17
13,1435,2017Q4,14,38,5.36,5.44,-0.04,-0.7,0.09,0.08,0.01,-0.07,-0.07,92.9,7.26,-81.3,-74.7,-0.72,-2.88,-0.61,-2.43,-0.09,-0.09,7.47
14,1435,2017Q3,14,62,5.4,5.3,+0.17,+3.3,0.09,0.09,0,0.06,0.06,93.6,-5.06,65.4,60.4,0.59,2.35,0.5,1.99,0.04,+0.04,7.52
15,1435,2017Q2,14,62,5.23,5.52,-0.68,-11.5,0.08,0.08,-0.02,0.05,0.03,91.6,-25.4,61.9,36.6,0.32,1.29,0.27,1.09,0.02,+0.02,7.48
16,1435,2017Q1,14,45,5.91,5.64,+1.7,+40.4,0.08,0.08,-0.01,0,-0.01,92.5,-10.1,-2.73,-12.8,-0.11,-0.46,-0.1,-0.39,-0.01,+0.04,7.45
17,1435,2016Q4,14,47,4.21,4.24,-0.21,-4.8,0.08,0.08,0,0.01,0,92.4,-3.3,9.47,5.3,0.05,0.19,0.04,0.16,0,+0.04,7.46
18,1435,2016Q3,14,51,4.42,4.43,+0.09,+2.1,0.08,0.08,0,0,0,91.4,-5.42,5.77,0.35,0,0.01,0,0.01,0,0,7.46
19,1435,2016Q2,14,49,4.33,4.44,-0.51,-10.5,0.07,0.07,-0.01,0.01,0,91.5,-17.3,12.2,-5.1,-0.04,-0.16,-0.03,-0.14,0,+0.01,7.46
20,1435,2016Q1,14,36,4.84,4.8,-0.2,-4,0.06,0.05,-0.04,-0.02,-0.06,88.1,-66.8,-45,-112,-0.66,-2.63,-0.55,-2.22,-0.05,-0.06,7.46
21,1435,2015Q4,14,43,5.04,4.82,+0.42,+9.1,0.08,0.07,-0.04,0,-0.04,86.3,-56.7,3.36,-53.9,-0.45,-1.8,-0.38,-1.52,-0.04,-0.02,7.51
22,1435,2015Q3,14,62,4.62,5,-1.05,-18.5,0.07,0.07,-0.01,0.02,0.01,89.2,-19.9,27.8,7.97,0.06,0.25,0.05,0.21,0,0,7.55
23,1435,2015Q2,14,51,5.67,6.05,-0.43,-7,0.07,0.07,-0.01,0,-0.01,89.8,-11,1.84,-9.18,-0.07,-0.29,-0.06,-0.25,-0.01,-0.01,7.54
24,1435,2015Q1,14,66,6.1,6.07,+0.02,+0.3,0.07,0.06,0.01,0,0.01,88.7,14.5,-4.37,10.2,0.08,0.31,0.06,0.26,0.01,+0.01,7.55
25,1435,2014Q4,14,51,6.08,5.85,0,0,0.07,0.06,-0.05,0.02,-0.03,88.4,-72.2,34.7,-37.5,-0.28,-1.12,-0.24,-0.95,-0.02,+0.05,7.54
26,1435,2014Q3,14,66,6.08,6.28,-0.26,-4.1,0.07,0.06,0,0.01,0.01,87.8,-1.4,15.5,14.1,0.1,0.41,0.09,0.35,0,0,7.56
27,1435,2014Q2,14,57,6.34,6.43,-0.36,-5.4,0.07,0.06,-0.01,0.01,0,88.6,-20.8,20.9,0.14,0,0,0,0,0,+0.01,7.55
28,1435,2014Q1,14,64,6.7,6.83,0,0,0.06,0.06,-0.01,0.01,0,87.5,-11.1,11.1,0.05,0,0,0,0,0,0,7.55
29,1435,2013Q4,14,47,6.7,6.42,+0.35,+5.5,0.06,0.06,-0.07,-0.02,-0.09,87.6,-103,-34.3,-137,-0.92,-3.69,-0.78,-3.13,-0.07,+0.01,7.55
30,1435,2013Q3,14,60,6.35,5.98,+0.35,+5.8,0.06,0.05,-0.02,0.02,0,85.6,-26.2,33.9,7.75,0.05,0.19,0.04,0.16,0,+0.03,7.62
31,1435,2013Q2,14,51,6,6.14,-0.53,-8.1,0.06,0.05,-0.04,0.02,-0.02,84.2,-63.6,33.6,-30,-0.18,-0.72,-0.15,-0.61,-0.01,-0.13,7.62
32,1435,2013Q1,14,51,6.53,6.59,-0.12,-1.8,0.06,0.05,-0.02,0.01,-0.01,82.2,-30,9.2,-20.8,-0.13,-0.51,-0.11,-0.43,0,+0.01,7.63
33,1435,2012Q4,14,49,6.65,6.94,+0.04,+0.6,0.06,0.05,-0.08,0,-0.09,84.1,-143,-6.58,-149,-0.9,-3.61,-0.77,-3.06,-0.08,+0.01,7.64
34,1435,2012Q3,14,51,6.61,3.94,+3.25,+96.7,0.05,0.04,-0.06,0.02,-0.04,82.6,-120,36.5,-83.4,-0.41,-1.65,-0.35,-1.41,-0.03,-0.06,7.71
35,1435,2012Q2,14,74,3.36,3.59,-0.41,-10.9,0.06,0.05,-0.06,0.21,0.15,83.5,-101,335,234,1.52,6.09,1.3,5.18,0.12,+0.08,7.74
36,1435,2012Q1,14,53,3.77,3.94,+0.42,+12.5,0.06,0.05,-0.01,0,-0.01,84.7,-22.3,7.36,-15,-0.1,-0.39,-0.08,-0.34,-0.01,0,7.63
37,1435,2011Q4,14,49,3.35,3.67,-0.5,-13,0.06,0.05,-0.07,-,-0.11,85,-110,-,-191,-1.19,-4.76,-1.01,-4.05,-0.09,+0.37,7.64
38,1435,2011Q3,14,71,3.85,4.48,-1.7,-30.6,0.06,0.05,-0.01,-,0.04,86.2,-11.4,-,73.1,0.44,1.77,0.38,1.51,0.03,+0.11,7.73
39,1435,2011Q2,14,71,5.55,6.37,-0.59,-9.6,0.07,0.05,-0.04,-,0.05,70,-52.2,-,71.3,0.51,2.04,0.43,1.74,0.04,-3.16,7.69
40,1435,2011Q1,14,49,6.14,7.37,-2.14,-25.8,0.06,0.05,-0.02,-,-0.02,84.8,-31.5,-,-28.7,-0.17,-0.67,-0.14,-0.57,-0.01,+0.02,7.65
41,1435,2010Q4,14,47,8.28,8.4,-1.6,-16.2,0.06,0.05,-0.05,-0.52,-0.58,76.9,-81.9,-820,-911,-5.81,-23.2,-4.96,-19.8,-0.46,-0.29,7.67
42,1435,2010Q3,14,49,9.88,8.65,+4.02,+68.6,0.1,0.05,-0.02,-0.07,-0.09,55.4,-20.4,-77.8,-99.4,-0.92,-3.7,-0.79,-3.17,-0.08,-0.03,8.13
43,1435,2010Q2,14,81,5.86,5.55,+1.38,+30.8,0.12,0.05,-0.03,4.07,4.01,42.1,-24.6,3433,3384,48.4,194,33,132,3.2,+3.3,8.2
44,1435,2010Q1,14,43,4.48,4.62,-0.37,-7.6,0.07,0.05,-0.01,-0.03,-0.04,70.7,-10.9,-39.3,-52.2,-0.6,-2.41,-0.31,-1.23,-0.03,-0.01,5
45,1435,2009Q4,14,40,4.85,4.54,+1.24,+34.3,0.07,0.05,-0.12,-0.05,-0.2,72.4,-169,-70.9,-276,-3.09,-12.4,-1.59,-6.36,-0.17,-0.06,5.03
46,1435,2009Q3,14,40,3.61,3.05,+0.79,+28,0.06,0.05,-0.01,-0.06,-0.06,83.5,-24.3,-107,-113,-0.96,-3.85,-0.5,-2.01,-0.05,-0.06,5.19
47,1435,2009Q2,14,40,2.82,3.31,-0.18,-6,0.06,0.05,-0.09,-0.01,-0.11,84.3,-155,-14.2,-199,-1.77,-7.08,-0.91,-3.65,-0.1,-0.17,5.23
48,1435,2009Q1,14,34,3,2.2,+1,+50,0.06,0.05,-0.01,-0.01,-0.02,83.5,-11.2,-24.2,-37.5,-0.36,-1.43,-0.18,-0.71,-0.02,-0.01,5.5
49,1435,2008Q4,14,32,2,2.26,-0.79,-28.3,0.06,0.05,-0.06,-0.06,-0.11,88.3,-101,-95.8,-182,-1.79,-7.14,-0.88,-3.53,-0.11,-0.03,5.52
50,1435,2008Q3,14,40,2.79,4.87,-2.61,-48.3,0.22,0.06,-0.02,0.01,0.01,25.8,-6.92,4.59,2.96,0.1,0.42,0.05,0.21,0.01,+0.09,5.62
51,1435,2008Q2,14,47,5.4,6.82,-0.67,-11,0.41,0.06,-0.02,0.19,0.07,14.2,-3.86,47,28.3,1.86,7.45,0.94,3.76,0.07,-0.18,5.62
52,1435,2008Q1,14,32,6.07,5.69,+0.82,+15.6,0.24,0.06,-0.01,-0.01,-0.01,23,-2.69,-4.77,-7.46,-0.29,-1.18,-0.15,-0.59,-0.01,-,5.55
53,1435,2007Q4,14,49,5.25,6.85,-4.65,-47,0.6,0.25,-0.09,0.29,0.14,40.6,-15,48,16.6,1.62,6.49,0.82,3.3,-0.08,+5.43,5.56
54,1435,2007Q3,14,35,9.9,12.5,-4,-28.8,0.22,0.06,-0.02,0.01,0.01,25.8,-6.92,4.59,2.96,-,-,-,-,-0.08,-,5.59
55,1435,2007Q2,14,60,13.9,8.43,+6.95,+100,0.18,0.11,-0.02,0.36,0.27,60.5,-13,198,142,4.04,16.2,2.08,8.32,0.25,+0.05,5.66
56,1435,2007Q1,-,-,6.95,6.46,-0.1,-1.4,-,-,-,-,-,-,-,-,-,-,-,-,-,-,-,-
57,1435,2006Q4,14,33,7.05,5.51,+2,+39.6,-,-,-,-,-6.15,-,-,-,-,-106,-423,-50.1,-201,-5.51,-5.37,5.2
58,1435,2006Q3,-,-,5.05,6.68,-5.05,-50,-,-,-,-,-,-,-,-,-,-,-,-,-,-,-,-
59,1435,2006Q2,14,52,10.1,11.6,-4.6,-31.3,-,-,-,-,0.22,-,-,-,-,1.86,7.43,1.16,4.65,0.2,0,10.27
60,1435,2006Q1,-,-,14.7,14.3,+1.05,+7.7,-,-,-,-,-,-,-,-,-,-,-,-,-,-,-,-
61,1435,2005Q4,14,37,13.65,14.7,+2.45,+21.9,-,-,-,-,-0.15,-,-,-,-,-1.32,-5.29,-0.78,-3.13,-0.14,+0.19,10.01
62,1435,2005Q3,-,-,11.2,9.5,+4.31,+62.6,-,-,-,-,-,-,-,-,-,-,-,-,-,-,-,-
63,1435,2005Q2,14,44,6.89,5.9,-0.11,-1.6,-,-,-,-,0.23,-,-,-,-,1.9,7.59,1.11,4.44,0.2,-,10.24
64,1435,2005Q1,-,-,7,6.26,+0.75,+12,-,-,-,-,-,-,-,-,-,-,-,-,-,-,-,-
65,1435,2004Q4,14,26,6.25,5.83,+0.35,+5.9,-,-,-,-,-0.36,-,-,-,-,-3.4,-13.6,-1.68,-6.73,-0.33,-0.41,9.05
66,1435,2004Q3,-,-,5.9,6.56,-2.05,-25.8,-,-,-,-,-,-,-,-,-,-,-,-,-,-,-,-
67,1435,2004Q2,-,-,7.95,7.91,-1.7,-17.6,-,-,-,-,-,-,-,-,-,-,-,-,-,-,-,-
68,1435,2004Q1,-,-,9.65,10.4,-0.45,-4.5,-,-,-,-,-,-,-,-,-,-,-,-,-,-,-,-
69,1435,2003Q4,14,37,10.1,11.1,-3.6,-26.3,-,-,-,-,0.09,-,-,-,-,0.85,3.39,0.42,1.69,0.08,+0.38,7.8
70,1435,2003Q3,-,-,13.7,10.7,-1.05,-7.1,-,-,-,-,-,-,-,-,-,-,-,-,-,-,-,-
71,1435,2003Q2,-,-,14.75,10.9,+4.75,+47.5,-,-,-,-,-,-,-,-,-,-,-,-,-,-,-,-
72,1435,2003Q1,-,-,10,10.2,-1.4,-12.3,-,-,-,-,-,-,-,-,-,-,-,-,-,-,-,-
73,1435,2002Q4,14,30,11.4,9.86,+1.9,+20,-,-,-,-,-0.32,-,-,-,-,-3.07,-12.3,-1.41,-5.65,-0.3,-0.15,7.36
74,1435,2002Q3,-,-,9.5,10.2,-1.8,-15.9,-,-,-,-,-,-,-,-,-,-,-,-,-,-,-,-
75,1435,2002Q2,-,-,11.3,11.8,-0.7,-5.8,-,-,-,-,-,-,-,-,-,-,-,-,-,-,-,-
76,1435,2002Q1,-,-,12,11.9,+0.2,+1.7,-,-,-,-,-,-,-,-,-,-,-,-,-,-,-,-
77,1435,2001Q4,14,33,11.8,11.3,+1.2,+11.3,-,-,-,-,-0.21,-,-,-,-,-1.65,-6.61,-0.88,-3.52,-0.15,+0.19,10.6
78,1435,2001Q3,-,-,10.6,11.1,-0.9,-7.8,-,-,-,-,-,-,-,-,-,-,-,-,-,-,-,-
79,1435,2001Q2,-,-,11.5,10,+2.4,+26.4,-,-,-,-,-,-,-,-,-,-,-,-,-,-,-,-
80,1435,2001Q1,-,-,9.1,9.43,-1.6,-15,-,-,-,-,-,-,-,-,-,-,-,-,-,-,-,-
81,1435,2000Q4,14,33,10.7,10.9,+0.6,+5.9,-,-,-,-,-0.48,-,-,-,-,-3.36,-13.4,-2.18,-8.72,-0.34,-,10.17
82,1435,2000Q3,-,-,10.1,11,-1.9,-15.8,-,-,-,-,-,-,-,-,-,-,-,-,-,-,-,-
83,1435,2000Q2,-,-,12,12.3,-1.7,-12.4,-,-,-,-,-,-,-,-,-,-,-,-,-,-,-,-
84,1435,2000Q1,-,-,13.7,13.1,+2.4,+21.2,-,-,-,-,-,-,-,-,-,-,-,-,-,-,-,-
85,1435,1999Q4,-,-,12.2,13.4,-1.55,-11.3,-,-,-,-,-,-,-,-,-,-,-,-,-,-,-,-
86,1435,1999Q3,-,-,13.75,13.9,-1.35,-8.9,-,-,-,-,-,-,-,-,-,-,-,-,-,-,-,-
87,1435,1999Q2,-,-,15.1,15.2,+2.35,+18.4,-,-,-,-,-,-,-,-,-,-,-,-,-,-,-,-
88,1435,1999Q1,-,-,12.75,12.4,+0.15,+1.2,-,-,-,-,-,-,-,-,-,-,-,-,-,-,-,-
89,1435,1998Q4,-,-,12.6,15.3,-2.8,-18.2,-,-,-,-,-,-,-,-,-,-,-,-,-,-,-,-
90,1435,1998Q3,-,-,15.4,19.4,-8.5,-35.6,-,-,-,-,-,-,-,-,-,-,-,-,-,-,-,-
91,1435,1998Q2,-,-,23.9,23.4,-1.2,-4.8,-,-,-,-,-,-,-,-,-,-,-,-,-,-,-,-
92,1435,1998Q1,-,-,25.1,22.8,+1.9,+8.2,-,-,-,-,-,-,-,-,-,-,-,-,-,-,-,-
93,1435,1997Q4,12.6,44,23.2,21.6,+0.2,+0.9,-,-,-,-,-0.33,-,-,-,-,-2.22,-8.89,-1.6,-6.4,-0.27,-0.46,11.91
94,1435,1997Q3,-,-,23,20.8,+2.4,+11.7,-,-,-,-,-,-,-,-,-,-,-,-,-,-,-,-
95,1435,1997Q2,-,-,20.6,23,-1.7,-7.6,-,-,-,-,-,-,-,-,-,-,-,-,-,-,-,-
96,1435,1997Q1,-,-,22.3,21.8,+5.7,+34.3,-,-,-,-,-,-,-,-,-,-,-,-,-,-,-,-
97,1435,1996Q4,12.6,48,16.6,16.3,-0.29,-1.7,-,-,-,-,0.23,-,-,-,-,1.71,6.83,1.16,4.63,0.19,-0.13,11.01
98,1435,1996Q3,-,-,16.89,16.9,-0.61,-3.5,-,-,-,-,-,-,-,-,-,-,-,-,-,-,-,-
99,1435,1996Q2,-,-,17.5,18.3,+1.3,+8,-,-,-,-,-,-,-,-,-,-,-,-,-,-,-,-
100,1435,1996Q1,-,-,16.2,16.5,-2.3,-12.4,-,-,-,-,-,-,-,-,-,-,-,-,-,-,-,-
101,1435,1995Q4,12.6,59,18.5,17.5,+2.2,+13.5,-,-,-,-,0.41,-,-,-,-,2.99,11.9,2.2,8.8,0.32,-0.94,10.9
102,1435,1995Q3,-,-,16.3,15.2,-0.8,-4.7,-,-,-,-,-,-,-,-,-,-,-,-,-,-,-,-
103,1435,1995Q2,-,-,17.1,22.7,-9.8,-36.4,-,-,-,-,-,-,-,-,-,-,-,-,-,-,-,-
104,1435,1995Q1,-,-,26.9,26.1,-2.1,-7.2,-,-,-,-,-,-,-,-,-,-,-,-,-,-,-,-
105,1435,1994Q4,11.9,78,29,26.1,+2.8,+10.7,-,-,-,-,1.49,-,-,-,-,10.8,43.3,7.55,30.2,1.26,-,11.6
106,1435,1994Q3,-,-,26.2,25.6,+2.4,+10.1,-,-,-,-,-,-,-,-,-,-,-,-,-,-,-,-
107,1435,1994Q2,-,-,23.8,25.8,-1.2,-4.8,-,-,-,-,-,-,-,-,-,-,-,-,-,-,-,-
108,1435,1994Q1,-,-,25,28.2,-1.6,-6,-,-,-,-,-,-,-,-,-,-,-,-,-,-,-,-
109,1435,1993Q4,-,-,26.6,23.4,+7,+35.7,-,-,-,-,-,-,-,-,-,-,-,-,-,-,-,-
110,1435,1993Q3,-,-,19.6,19.9,+0.8,+4.3,-,-,-,-,-,-,-,-,-,-,-,-,-,-,-,-
111,1435,1993Q2,-,-,18.8,23.2,-9.5,-33.6,-,-,-,-,-,-,-,-,-,-,-,-,-,-,-,-
112,1435,1993Q1,-,-,28.3,19.7,+11.91,+72.7,-,-,-,-,-,-,-,-,-,-,-,-,-,-,-,-
113,1435,1992Q4,-,-,16.39,18.4,-1.41,-7.9,-,-,-,-,-,-,-,-,-,-,-,-,-,-,-,-
114,1435,1992Q3,-,-,17.8,23,-10.2,-36.4,-,-,-,-,-,-,-,-,-,-,-,-,-,-,-,-
115,1435,1992Q2,-,-,28,30,-4.2,-13,-,-,-,-,-,-,-,-,-,-,-,-,-,-,-,-
116,1435,1992Q1,-,-,32.2,33.9,-1,-3,-,-,-,-,-,-,-,-,-,-,-,-,-,-,-,-
117,1435,1991Q4,-,-,33.2,28,+0.3,+0.9,-,-,-,-,-,-,-,-,-,-,-,-,-,-,-,-
118,1435,1991Q3,-,-,32.9,35.2,-7.89,-19.3,-,-,-,-,-,-,-,-,-,-,-,-,-,-,-,-
119,1435,1991Q2,-,-,40.79,42.5,-0.11,-0.3,-,-,-,-,-,-,-,-,-,-,-,-,-,-,-,-
120,1435,1991Q1,-,-,40.9,31.9,+9.1,+28.6,-,-,-,-,-,-,-,-,-,-,-,-,-,-,-,-
