ID,sid,季度,股本(億),財報評分,季度股價(元)收盤,季度股價(元)平均,季度股價(元)漲跌,季度股價(元)漲跌(%),獲利金額(億)營業收入,獲利金額(億)營業毛利,獲利金額(億)營業利益,獲利金額(億)業外損益,獲利金額(億)稅後淨利,獲利率(%)營業毛利,獲利率(%)營業利益,獲利率(%)業外損益,獲利率(%)稅後淨利,單季ROE(%),年估ROE(%),單季ROA(%),年估ROA(%),EPS(元)稅後EPS,EPS(元)年增(元),BPS(元)
0,1455,2021Q1,-,-,9,9.63,-2.2,-19.6,-,-,-,-,-,-,-,-,-,-,-,-,-,-,-,-
1,1455,2020Q4,-,-,11.2,9.14,+2.59,+30.1,-,-,-,-,-,-,-,-,-,-,-,-,-,-,-,-
2,1455,2020Q3,57.8,40,8.61,7.83,+1.51,+21.3,19.7,0.51,-0.41,0.84,0.41,2.57,-2.09,4.27,2.06,0.62,2.49,0.47,1.86,0.07,+0.25,11.63
3,1455,2020Q2,57.8,36,7.1,7.17,+1.14,+19.1,12.8,-2.42,-3.17,1.55,-1.66,-18.9,-24.7,12.1,-12.9,-2.46,-9.82,-1.8,-7.19,-0.28,-0.29,11.4
4,1455,2020Q1,61.2,32,5.96,6.84,-2.04,-25.5,21.4,0.15,-0.82,-1.29,-2.02,0.68,-3.81,-6.03,-9.41,-2.86,-11.4,-2.09,-8.34,-0.33,-0.34,11.4
5,1455,2019Q4,61.2,34,8,8.11,-0.59,-6.9,24.8,-1.5,-2.34,0.02,-2.04,-6.07,-9.44,0.08,-8.22,-2.79,-11.1,-1.99,-7.95,-0.33,+0.08,11.77
6,1455,2019Q3,61.2,28,8.59,8.71,-0.25,-2.8,28.2,0.36,-0.78,-0.24,-1.1,1.29,-2.75,-0.86,-3.9,-1.47,-5.88,-0.99,-3.97,-0.18,-0.32,12.12
7,1455,2019Q2,61.2,36,8.84,8.88,-0.28,-3.1,30.1,0.61,-0.46,0.57,0.08,2.04,-1.53,1.89,0.25,0.1,0.4,0.07,0.26,0.01,-0.26,12.27
8,1455,2019Q1,61.2,36,9.12,9.09,+0.22,+2.5,35.4,0.38,-0.84,0.75,0.03,1.06,-2.36,2.12,0.09,0.04,0.17,0.03,0.11,0.01,-0.14,12.41
9,1455,2018Q4,61.2,23,8.9,9.3,-1.65,-15.6,38.2,-0.98,-2.02,-0.73,-2.48,-2.57,-5.28,-1.92,-6.51,-3.21,-12.8,-2.08,-8.31,-0.41,-0.71,12.43
10,1455,2018Q3,61.2,34,10.55,10.3,+0.15,+1.4,39.2,1.52,0.2,0.74,0.85,3.87,0.52,1.88,2.16,1.08,4.32,0.68,2.74,0.14,-0.14,12.84
11,1455,2018Q2,61.2,36,10.4,10.6,-0.15,-1.4,39.9,1.78,0.4,1.5,1.63,4.47,1.01,3.77,4.08,2.07,8.3,1.33,5.31,0.27,+0.61,12.73
12,1455,2018Q1,61.2,32,10.55,11.3,-2.25,-17.6,41.1,2.45,1.15,-0.17,0.91,5.95,2.8,-0.41,2.21,1.16,4.65,0.75,2.99,0.15,-0.2,12.9
13,1455,2017Q4,61.2,36,12.8,12.2,+2.82,+28.3,40.1,3.41,1.93,0.2,1.81,8.52,4.82,0.5,4.52,2.36,9.44,1.53,6.13,0.3,+0.12,12.69
14,1455,2017Q3,61.2,40,9.98,9.38,+0.13,+1.3,37.3,2.52,1.17,0.67,1.73,6.76,3.15,1.81,4.65,2.31,9.26,1.54,6.16,0.28,+0.23,12.39
15,1455,2017Q2,61.2,28,9.85,9.13,-0.45,-4.4,31.2,-2.17,-3.2,0.73,-2.1,-6.95,-10.3,2.33,-6.75,-2.77,-11.1,-1.8,-7.21,-0.34,-0.42,12.1
16,1455,2017Q1,61.2,38,10.3,10.7,+1.02,+11,41.3,4.6,3.31,-0.72,2.17,11.2,8.03,-1.75,5.26,2.82,11.3,1.82,7.3,0.35,+0.32,12.75
17,1455,2016Q4,61.2,38,9.28,8.78,+0.88,+10.5,36.1,2.2,0.81,0.54,1.13,6.1,2.25,1.51,3.13,1.5,6.02,1,4,0.18,+0.15,12.39
18,1455,2016Q3,61.2,40,8.4,8.56,+0.4,+5,31.5,1.27,0.12,0.21,0.3,4.04,0.37,0.65,0.95,0.4,1.61,0.26,1.06,0.05,+0.2,12.17
19,1455,2016Q2,61.2,38,8,8.35,-1.02,-11.3,33,2.06,0.87,-0.19,0.5,6.26,2.63,-0.58,1.51,0.67,2.67,0.43,1.72,0.08,-0.36,12.13
20,1455,2016Q1,61.2,36,9.02,8.79,+0.66,+7.9,29.9,1.31,0.2,0,0.15,4.39,0.66,0,0.52,0.21,0.82,0.13,0.53,0.03,+0.14,12.24
21,1455,2015Q4,61.2,45,8.36,8.96,-2.29,-21.5,35,1.48,0.24,0.09,0.21,4.23,0.69,0.27,0.6,0.28,1.12,0.18,0.7,0.03,-0.01,12.22
22,1455,2015Q3,61.2,26,10.65,11.2,-3.7,-25.8,32.7,-0.67,-1.67,0.6,-0.92,-2.05,-5.11,1.85,-2.82,-1.23,-4.91,-0.74,-2.94,-0.15,-0.19,12.19
23,1455,2015Q2,61.2,40,14.35,11.8,+5.19,+56.7,42,3.2,1.93,0.99,2.7,7.62,4.61,2.36,6.44,3.62,14.5,2.15,8.6,0.44,+0.56,12.34
24,1455,2015Q1,61.2,23,9.16,9.04,+0.06,+0.7,40.3,-0.1,-1.26,0.48,-0.67,-0.25,-3.12,1.2,-1.66,-0.9,-3.6,-0.54,-2.15,-0.11,-0.24,12.1
25,1455,2014Q4,61.2,34,9.1,8.43,+0.27,+3.1,47,0.82,-0.37,0.66,0.27,1.75,-0.79,1.4,0.58,0.37,1.46,0.22,0.88,0.04,-0.12,12.21
26,1455,2014Q3,61.2,36,8.83,8.92,-0.54,-5.8,42.5,1.51,0.41,-0.09,0.25,3.54,0.97,-0.21,0.59,0.34,1.35,0.19,0.77,0.04,-0.04,12.15
27,1455,2014Q2,61.2,28,9.37,9.53,-0.53,-5.4,47.1,0.12,-0.98,0.22,-0.75,0.26,-2.07,0.47,-1.59,-1,-4,-0.54,-2.17,-0.12,-0.21,12.11
28,1455,2014Q1,61.2,36,9.9,10.1,-0.45,-4.3,45,1.71,0.65,0.35,0.8,3.79,1.45,0.77,1.78,1.06,4.23,0.57,2.3,0.13,-0.13,12.43
29,1455,2013Q4,61.2,36,10.35,10.4,-0.05,-0.5,50.6,1.57,0.38,0.68,0.97,3.11,0.76,1.35,1.92,1.3,5.2,0.7,2.8,0.16,+0.06,12.3
30,1455,2013Q3,61.2,38,10.4,9.81,+1.14,+12.3,47.6,1.32,0.25,0.37,0.52,2.77,0.53,0.78,1.09,0.7,2.8,0.36,1.44,0.08,+0.01,12.13
31,1455,2013Q2,60.6,32,9.26,9.17,-0.22,-2.3,44.6,0.42,-0.61,1.07,0.57,0.94,-1.38,2.4,1.29,0.78,3.12,0.39,1.56,0.09,+0.81,12.17
32,1455,2013Q1,60.6,32,9.48,9.82,-0.31,-3.2,40,2.65,1.63,0.29,1.61,6.62,4.08,0.73,4.03,2.23,8.91,1.12,4.49,0.26,-0.17,12.07
33,1455,2012Q4,60.6,30,9.79,9.32,-0.66,-6.3,40.1,1.28,0.47,0.19,0.58,3.18,1.16,0.48,-1.65,-0.93,-3.72,-0.49,-1.94,0.1,-,11.9
34,1455,2012Q3,60.6,36,10.45,10.2,+1.08,+11.5,42.9,1.26,0.02,0.46,0.43,2.94,0.03,1.08,1,0.61,2.43,0.32,1.28,0.07,-,11.83
35,1455,2012Q2,60,23,9.37,10,-1.83,-16.3,39.3,-2.81,-3.86,-0.76,-3.93,-7.14,-9.82,-1.93,-10,-5.71,-22.8,-2.82,-11.3,-0.72,-,11.88
36,1455,2012Q1,51.9,38,11.2,13.3,+0.3,+2.8,47.5,2.79,1.65,0.88,2.26,5.88,3.48,1.85,4.75,3.38,13.5,1.58,6.34,0.43,-,13.02
37,1455,2011Q4,-,-,10.9,12.8,-3.05,-21.9,-,-,-,-,-,-,-,-,-,-,-,-,-,-,-,-
38,1455,2011Q3,-,-,13.95,17.7,-2.55,-15.5,-,-,-,-,-,-,-,-,-,-,-,-,-,-,-,-
39,1455,2011Q2,-,-,16.5,18.9,-3.35,-16.9,-,-,-,-,-,-,-,-,-,-,-,-,-,-,-,-
40,1455,2011Q1,-,-,19.85,19,+3.15,+18.9,-,-,-,-,-,-,-,-,-,-,-,-,-,-,-,-
41,1455,2010Q4,-,-,16.7,15.9,+1.2,+7.7,-,-,-,-,-,-,-,-,-,-,-,-,-,-,-,-
42,1455,2010Q3,-,-,15.5,14.6,+1.85,+13.6,-,-,-,-,-,-,-,-,-,-,-,-,-,-,-,-
43,1455,2010Q2,-,-,13.65,14.9,0,0,-,-,-,-,-,-,-,-,-,-,-,-,-,-,-,-
44,1455,2010Q1,-,-,13.65,13.2,+0.5,+3.8,-,-,-,-,-,-,-,-,-,-,-,-,-,-,-,-
45,1455,2009Q4,-,-,13.15,12.6,+3.76,+40,-,-,-,-,-,-,-,-,-,-,-,-,-,-,-,-
46,1455,2009Q3,-,-,9.39,7.75,+4.21,+81.3,-,-,-,-,-,-,-,-,-,-,-,-,-,-,-,-
47,1455,2009Q2,-,-,5.18,5.01,+1.05,+25.4,-,-,-,-,-,-,-,-,-,-,-,-,-,-,-,-
48,1455,2009Q1,-,-,4.13,3.85,+0.21,+5.4,-,-,-,-,-,-,-,-,-,-,-,-,-,-,-,-
49,1455,2008Q4,-,-,3.92,3.84,-0.32,-7.5,-,-,-,-,-,-,-,-,-,-,-,-,-,-,-,-
50,1455,2008Q3,-,-,4.24,5.39,-2.16,-33.8,-,-,-,-,-,-,-,-,-,-,-,-,-,-,-,-
51,1455,2008Q2,-,-,6.4,8.07,-1.73,-21.3,-,-,-,-,-,-,-,-,-,-,-,-,-,-,-,-
52,1455,2008Q1,-,-,8.13,7.6,+0.44,+5.7,-,-,-,-,-,-,-,-,-,-,-,-,-,-,-,-
53,1455,2007Q4,48.1,33,7.69,8.35,-2.11,-21.5,-,-,-,-,0.85,-,-,-,-,1.46,5.82,0.78,3.12,0.18,+0.05,12.21
54,1455,2007Q3,-,-,9.8,9.8,+1,+11.4,-,-,-,-,-,-,-,-,-,-,-,-,-,-,-,-
55,1455,2007Q2,47.2,26,8.8,8.8,+0.49,+5.9,-,-,-,-,-0.15,-,-,-,-,-0.27,-1.06,-0.13,-0.53,-0.03,-0.03,12.19
56,1455,2007Q1,-,-,8.31,8.11,-0.14,-1.7,-,-,-,-,-,-,-,-,-,-,-,-,-,-,-,-
57,1455,2006Q4,47.2,37,8.45,7.4,+2.28,+37,-,-,-,-,0.6,-,-,-,-,1.04,4.16,0.55,2.21,0.13,+0.53,12.23
58,1455,2006Q3,-,-,6.17,6.02,+0.23,+3.9,-,-,-,-,-,-,-,-,-,-,-,-,-,-,-,-
59,1455,2006Q2,47.2,41,5.94,6.26,+0.26,+4.6,-,-,-,-,0.01,-,-,-,-,0.03,0.1,0.01,0.05,0,+0.04,11.9
60,1455,2006Q1,-,-,5.68,6.46,-1.62,-22.2,-,-,-,-,-,-,-,-,-,-,-,-,-,-,-,-
61,1455,2005Q4,47.2,37,7.3,6.53,+0.3,+4.3,-,-,-,-,-1.91,-,-,-,-,-3.39,-13.6,-1.95,-7.82,-0.4,-,11.94
62,1455,2005Q3,-,-,7,8.08,-2.34,-25.1,-,-,-,-,-,-,-,-,-,-,-,-,-,-,-,-
63,1455,2005Q2,43.9,41,9.34,9.39,-0.76,-7.5,-,-,-,-,-0.17,-,-,-,-,-0.29,-1.16,-0.18,-0.72,-0.04,-,13.19
64,1455,2005Q1,-,-,10.1,11,-2,-16.5,-,-,-,-,-,-,-,-,-,-,-,-,-,-,-,-
65,1455,2004Q4,-,-,12.1,11.3,+0.5,+4.3,-,-,-,-,-,-,-,-,-,-,-,-,-,-,-,-
66,1455,2004Q3,-,-,11.6,9.88,+2.5,+27.5,-,-,-,-,-,-,-,-,-,-,-,-,-,-,-,-
67,1455,2004Q2,-,-,9.1,9.73,-1.7,-15.7,-,-,-,-,-,-,-,-,-,-,-,-,-,-,-,-
68,1455,2004Q1,-,-,10.8,12.1,-0.9,-7.7,-,-,-,-,-,-,-,-,-,-,-,-,-,-,-,-
69,1455,2003Q4,-,-,11.7,11,+2.25,+23.8,-,-,-,-,-,-,-,-,-,-,-,-,-,-,-,-
70,1455,2003Q3,-,-,9.45,9.92,-0.35,-3.6,-,-,-,-,-,-,-,-,-,-,-,-,-,-,-,-
71,1455,2003Q2,-,-,9.8,9.46,-0.35,-3.4,-,-,-,-,-,-,-,-,-,-,-,-,-,-,-,-
72,1455,2003Q1,-,-,10.15,12.8,-2.15,-17.5,-,-,-,-,-,-,-,-,-,-,-,-,-,-,-,-
73,1455,2002Q4,-,-,12.3,10.8,+3.3,+36.7,-,-,-,-,-,-,-,-,-,-,-,-,-,-,-,-
74,1455,2002Q3,-,-,9,10.2,-0.15,-1.6,-,-,-,-,-,-,-,-,-,-,-,-,-,-,-,-
75,1455,2002Q2,-,-,9.15,10.2,-1.35,-12.9,-,-,-,-,-,-,-,-,-,-,-,-,-,-,-,-
76,1455,2002Q1,-,-,10.5,7.71,+4.8,+84.2,-,-,-,-,-,-,-,-,-,-,-,-,-,-,-,-
77,1455,2001Q4,-,-,5.7,4.82,+0.2,+3.6,-,-,-,-,-,-,-,-,-,-,-,-,-,-,-,-
78,1455,2001Q3,-,-,5.5,4.48,+1.14,+26.1,-,-,-,-,-,-,-,-,-,-,-,-,-,-,-,-
79,1455,2001Q2,-,-,4.36,4.5,-1.24,-22.1,-,-,-,-,-,-,-,-,-,-,-,-,-,-,-,-
80,1455,2001Q1,-,-,5.6,4.69,+2.3,+69.7,-,-,-,-,-,-,-,-,-,-,-,-,-,-,-,-
81,1455,2000Q4,-,-,3.3,4.13,-2.05,-38.3,-,-,-,-,-,-,-,-,-,-,-,-,-,-,-,-
82,1455,2000Q3,-,-,5.35,7.82,-4.1,-43.4,-,-,-,-,-,-,-,-,-,-,-,-,-,-,-,-
83,1455,2000Q2,-,-,9.45,9.47,-1.5,-13.7,-,-,-,-,-,-,-,-,-,-,-,-,-,-,-,-
84,1455,2000Q1,-,-,10.95,12.1,+1.9,+21,-,-,-,-,-,-,-,-,-,-,-,-,-,-,-,-
85,1455,1999Q4,-,-,9.05,11.9,-4.7,-34.2,-,-,-,-,-,-,-,-,-,-,-,-,-,-,-,-
86,1455,1999Q3,-,-,13.75,14.2,-2.45,-15.1,-,-,-,-,-,-,-,-,-,-,-,-,-,-,-,-
87,1455,1999Q2,-,-,16.2,19.8,-2.69,-14.2,-,-,-,-,-,-,-,-,-,-,-,-,-,-,-,-
88,1455,1999Q1,-,-,18.89,15.2,+3.29,+21.1,-,-,-,-,-,-,-,-,-,-,-,-,-,-,-,-
89,1455,1998Q4,-,-,15.6,17.1,-1.9,-10.9,-,-,-,-,-,-,-,-,-,-,-,-,-,-,-,-
90,1455,1998Q3,-,-,17.5,19.1,-3.7,-17.5,-,-,-,-,-,-,-,-,-,-,-,-,-,-,-,-
91,1455,1998Q2,-,-,21.2,23.2,-6.3,-22.9,-,-,-,-,-,-,-,-,-,-,-,-,-,-,-,-
92,1455,1998Q1,-,-,27.5,24.3,+3.8,+16,-,-,-,-,-,-,-,-,-,-,-,-,-,-,-,-
93,1455,1997Q4,-,-,23.7,23.4,-2.2,-8.5,-,-,-,-,-,-,-,-,-,-,-,-,-,-,-,-
94,1455,1997Q3,-,-,25.9,28.4,-6,-18.8,-,-,-,-,-,-,-,-,-,-,-,-,-,-,-,-
95,1455,1997Q2,-,-,31.9,33.7,-0.8,-2.4,-,-,-,-,-,-,-,-,-,-,-,-,-,-,-,-
96,1455,1997Q1,-,-,32.7,35,+3.9,+13.5,-,-,-,-,-,-,-,-,-,-,-,-,-,-,-,-
97,1455,1996Q4,-,-,28.8,30.9,-6.3,-17.9,-,-,-,-,-,-,-,-,-,-,-,-,-,-,-,-
98,1455,1996Q3,-,-,35.1,32.6,+3.8,+12.1,-,-,-,-,-,-,-,-,-,-,-,-,-,-,-,-
99,1455,1996Q2,-,-,31.3,29.7,+2.6,+9.1,-,-,-,-,-,-,-,-,-,-,-,-,-,-,-,-
100,1455,1996Q1,-,-,28.7,25.3,+2.6,+10,-,-,-,-,-,-,-,-,-,-,-,-,-,-,-,-
101,1455,1995Q4,-,-,26.1,27.1,-4.2,-13.9,-,-,-,-,-,-,-,-,-,-,-,-,-,-,-,-
102,1455,1995Q3,-,-,30.3,28.5,+1.2,+4.1,-,-,-,-,-,-,-,-,-,-,-,-,-,-,-,-
103,1455,1995Q2,-,-,29.1,40.4,-29.4,-50.3,-,-,-,-,-,-,-,-,-,-,-,-,-,-,-,-
104,1455,1995Q1,-,-,58.5,47.3,+10.8,+22.6,-,-,-,-,-,-,-,-,-,-,-,-,-,-,-,-
105,1455,1994Q4,-,-,47.7,39.6,+13.41,+39.1,-,-,-,-,-,-,-,-,-,-,-,-,-,-,-,-
106,1455,1994Q3,-,-,34.29,34.7,-4.11,-10.7,-,-,-,-,-,-,-,-,-,-,-,-,-,-,-,-
107,1455,1994Q2,-,-,38.4,48.5,-6.7,-14.9,-,-,-,-,-,-,-,-,-,-,-,-,-,-,-,-
108,1455,1994Q1,-,-,45.1,55.6,-11.4,-20.2,-,-,-,-,-,-,-,-,-,-,-,-,-,-,-,-
109,1455,1993Q4,-,-,56.5,55.7,+8.4,+17.5,-,-,-,-,-,-,-,-,-,-,-,-,-,-,-,-
