ID,sid,季度,股本(億),財報評分,季度股價(元)收盤,季度股價(元)平均,季度股價(元)漲跌,季度股價(元)漲跌(%),獲利金額(億)營業收入,獲利金額(億)營業毛利,獲利金額(億)營業利益,獲利金額(億)業外損益,獲利金額(億)稅後淨利,獲利率(%)營業毛利,獲利率(%)營業利益,獲利率(%)業外損益,獲利率(%)稅後淨利,單季ROE(%),年估ROE(%),單季ROA(%),年估ROA(%),EPS(元)稅後EPS,EPS(元)年增(元),BPS(元)
0,2597,2021Q1,-,-,83.5,69.9,+18.2,+27.9,-,-,-,-,-,-,-,-,-,-,-,-,-,-,-,-
1,2597,2020Q4,-,-,65.3,62.4,+5.3,+8.8,-,-,-,-,-,-,-,-,-,-,-,-,-,-,-,-
2,2597,2020Q3,13.5,49,60,60.6,-4.4,-6.8,37.1,4.86,2.92,1.27,3.19,13.1,7.87,3.43,9.75,7.39,29.6,3.21,12.8,2.36,+0.38,26.79
3,2597,2020Q2,13.5,38,64.4,62.2,+5.2,+8.8,29.5,3.37,1.46,0.03,1.04,11.4,4.97,0.1,4.2,2.48,9.93,1.16,4.64,0.77,-0.18,25.16
4,2597,2020Q1,13.5,38,59.2,60.8,-3,-4.8,27.2,2.71,0.85,0.01,0.85,9.94,3.13,0.04,2.22,1.15,4.6,0.56,2.25,0.63,+0.38,28.27
5,2597,2019Q4,13.5,49,62.2,59.2,+6.2,+11.1,39.5,4.94,2.93,0.45,2.51,12.5,7.41,1.14,6.9,5.34,21.4,2.62,10.5,1.86,+0.69,28.57
6,2597,2019Q3,13.5,47,56,55.8,-4.1,-6.8,30.1,3.91,2.15,1.16,2.67,13,7.13,3.85,9.61,5.92,23.7,2.91,11.7,1.98,-0.13,26.15
7,2597,2019Q2,13.5,38,60.1,58.4,+1.4,+2.4,27.5,3.28,1.59,0.02,1.27,11.9,5.79,0.08,4.68,2.47,9.9,1.28,5.12,0.95,-0.21,25.77
8,2597,2019Q1,13.5,45,58.7,54.5,+9.55,+19.4,19.2,2.19,0.52,0.01,0.34,11.4,2.68,0.07,2.19,0.76,3.06,0.42,1.69,0.25,-0.21,30.34
9,2597,2018Q4,13.5,43,49.15,43.2,+11.65,+31.1,23.6,3.54,1.63,0.7,1.58,15,6.91,2.96,8.08,3.42,13.7,1.9,7.61,1.17,+0.65,29.83
10,2597,2018Q3,13.5,51,37.5,36.9,-1.15,-3,21.9,3.52,1.87,1.52,2.85,16.1,8.53,6.96,13.8,5.4,21.6,2.99,12,2.11,+1.55,31.76
11,2597,2018Q2,13.5,45,38.65,38.2,+0.9,+2.4,21.6,3.69,2.11,0.04,1.56,17,9.75,0.16,7.96,3.16,12.6,1.75,6.99,1.16,+0.41,29.99
12,2597,2018Q1,13.5,38,37.75,37.9,-0.25,-0.7,19.4,2.35,0.72,0.03,0.61,12.1,3.71,0.15,3.5,1.28,5.12,0.71,2.85,0.46,-0.26,29.59
13,2597,2017Q4,13.5,38,38,38.6,-1.45,-3.7,20.3,2.57,1.09,0.27,0.7,12.7,5.35,1.32,5.37,2.18,8.73,1.18,4.73,0.52,-1.31,27.37
14,2597,2017Q3,13.5,36,39.45,39,-5.75,-12.7,17.4,2.49,0.85,0.31,0.76,14.4,4.88,1.76,5.46,1.97,7.9,1.02,4.07,0.56,-1.16,25.47
15,2597,2017Q2,13.5,40,45.2,44,+1.35,+3.1,19.5,3.02,1.4,0.03,1.01,15.5,7.15,0.17,6.18,2.38,9.52,1.25,5.02,0.75,+0.3,25
16,2597,2017Q1,13.5,38,43.85,39.9,+6.55,+17.6,18.4,2.93,1.27,0,0.97,16,6.93,0.02,5.76,1.95,7.79,1.05,4.21,0.72,+0.22,29.11
17,2597,2016Q4,13.5,55,37.3,37,-0.4,-1.1,27.1,5.27,3.26,0.15,2.47,19.4,12,0.56,10.4,5.37,21.5,2.76,11,1.83,+0.49,29.68
18,2597,2016Q3,13.5,55,37.7,38.7,-7.05,-15.8,22,4.02,2.41,0.6,2.32,18.2,10.9,2.72,11.9,5.34,21.4,2.57,10.3,1.72,-0.36,27.04
19,2597,2016Q2,13.5,38,44.75,43.4,-0.95,-2.1,20.7,2.73,1.18,0.02,0.6,13.2,5.73,0.09,4.69,1.89,7.55,0.93,3.7,0.45,-0.26,24.81
20,2597,2016Q1,13.5,40,45.7,42.3,+5.4,+13.4,18.8,2.57,0.94,-0.02,0.67,13.7,5,-0.12,4.31,1.44,5.75,0.73,2.93,0.5,-0.51,30.15
21,2597,2015Q4,13.5,43,40.3,39,+4.65,+13,25.3,3.37,1.64,0.47,1.81,13.3,6.48,1.85,7.09,3.23,12.9,1.59,6.35,1.34,-0.78,31.82
22,2597,2015Q3,13.5,51,35.65,43.2,-19.65,-35.5,18.4,2.11,0.52,2.62,2.8,11.5,2.84,14.2,16.6,5.9,23.6,2.58,10.3,2.08,-0.99,29.24
23,2597,2015Q2,13.5,43,55.3,66.2,-15.5,-21.9,24.8,3.5,1.89,-0.09,0.96,14.1,7.63,-0.35,6,2.76,11,1.2,4.81,0.71,-0.98,29.14
24,2597,2015Q1,13.5,36,70.8,65.7,+6.6,+10.3,29.1,3.84,2.19,-0.14,1.36,13.2,7.51,-0.48,5.78,2.91,11.7,1.36,5.44,1.01,-0.5,35.34
25,2597,2014Q4,13.5,47,64.2,63.6,+1.9,+3,36.9,5.12,3.05,0.49,2.86,13.9,8.27,1.34,9.32,6.23,24.9,2.77,11.1,2.12,-0.45,34.32
26,2597,2014Q3,13.5,51,62.3,61.2,-4.7,-7,37.6,4.92,3.27,2.03,4.14,13.1,8.72,5.41,12.8,9.14,36.6,3.67,14.7,3.07,+0.72,32.24
27,2597,2014Q2,13.5,49,67,71.7,-6.5,-8.8,36.9,4.52,3.07,0.04,2.28,12.2,8.3,0.09,7.34,5.33,21.3,2.02,8.09,1.69,-0.09,31.24
28,2597,2014Q1,13.5,45,73.5,63.2,+12.1,+19.7,30.7,4.07,2.58,0.01,2.03,13.3,8.43,0.04,7.31,4.48,17.9,1.7,6.8,1.51,-0.05,34.85
29,2597,2013Q4,13.5,51,61.4,59.4,+4,+7,45.5,5.52,3.95,0.87,3.47,12.1,8.69,1.91,8.97,8.61,34.5,3.11,12.5,2.57,+1.51,34.69
30,2597,2013Q3,13.5,51,57.4,53.3,+10.2,+21.6,36.8,4.56,2.82,0.96,3.17,12.4,7.64,2.61,9.11,7.95,31.8,2.75,11,2.35,+1.86,31.74
31,2597,2013Q2,13.5,38,47.2,45.9,+2.8,+6.3,38.1,4.46,2.93,-0.07,2.4,11.7,7.7,-0.18,6.45,6.17,24.7,2.18,8.73,1.78,+1.57,27.65
32,2597,2013Q1,13.5,43,44.4,42.6,+5.7,+14.7,29.8,3.97,2.57,-0.06,2.1,13.3,8.63,-0.19,7.07,5.34,21.4,1.95,7.82,1.56,+1.14,28.37
33,2597,2012Q4,13.5,43,38.7,37.4,+0.65,+1.7,24.4,2.89,1.69,0.02,1.43,11.8,6.93,0.08,5.88,3.83,15.3,1.42,5.68,1.06,-0.61,28.16
34,2597,2012Q3,13.5,43,38.05,36.4,+6.95,+22.3,16.4,1.8,0.42,0.37,0.66,11,2.54,2.27,4.12,2.03,8.11,0.74,2.96,0.49,-0.03,26.42
35,2597,2012Q2,13.5,36,31.1,34.1,-6.4,-17.1,16.1,1.71,0.3,-0.02,0.28,10.6,1.9,-0.13,1.56,0.78,3.12,0.29,1.15,0.21,+0.18,21.9
36,2597,2012Q1,13.5,40,37.5,33.4,+12.7,+51.2,15.3,2.24,0.68,0.02,0.56,14.7,4.43,0.12,3.71,1.74,6.96,0.67,2.66,0.42,+1.1,24.63
37,2597,2011Q4,13.5,53,24.8,23.1,+3.55,+16.7,21.1,3.57,2.23,-,2.26,16.9,10.5,-,10.7,7.5,30,2.81,11.2,1.67,+2.03,22.42
38,2597,2011Q3,13.5,42,21.25,27.8,-12.2,-36.5,16.2,2.21,0.91,-,0.73,13.7,5.64,-,4.37,2.26,9.03,0.86,3.44,0.52,-0.07,20.76
39,2597,2011Q2,13.5,40,33.45,35.2,-3.05,-8.4,12.6,1.23,0.02,-,0.04,9.76,0.14,-,0.31,0.11,0.44,0.05,0.18,0.03,-0.47,23.88
40,2597,2011Q1,13.5,24,36.5,40.7,-8.6,-19.1,10.7,0.25,-0.93,-,-0.92,2.32,-8.71,-,-9.45,-2.58,-10.3,-1.18,-4.73,-0.68,-2.21,27.13
41,2597,2010Q4,13.5,30,45.1,44.1,-1.95,-4.1,13.8,1.06,-0.54,-0.04,-0.48,7.66,-3.87,-0.32,-4.26,-1.43,-5.71,-0.67,-2.7,-0.36,-2.52,29.08
42,2597,2010Q3,13.5,38,47.05,48.2,-2.75,-5.5,13.7,1.75,0.53,0.35,0.78,12.7,3.9,2.54,5.36,1.77,7.07,0.82,3.27,0.59,-0.29,30.17
43,2597,2010Q2,13.5,40,49.8,54.9,-4.1,-7.6,13.2,1.99,0.82,-0.17,0.65,15,6.19,-1.27,4.59,1.45,5.81,0.68,2.73,0.5,+0.11,29.26
44,2597,2010Q1,13.5,49,53.9,54.8,+8.9,+19.8,20.4,3.71,2.51,-0.03,1.92,18.2,12.3,-0.15,9.32,5.16,20.6,2.29,9.18,1.53,-,30.55
45,2597,2009Q4,12,64,-,-,-,-,14.9,4.63,3.11,-0.03,2.6,31.1,20.9,-0.2,17.7,9.44,37.8,3.53,14.1,2.16,-,24.65
46,2597,2009Q3,12,45,-,-,-,-,18.4,3.18,1.05,0.31,1.05,17.3,5.74,1.68,5.02,3.89,15.6,1.29,5.18,0.88,-,-
47,2597,2009Q2,12,40,-,-,-,-,31.2,4.5,2.08,-0.18,1.26,14.4,6.66,-0.59,3.65,5.03,20.1,1.59,6.34,0.39,-,17.62
