ID,sid,季度,股本(億),財報評分,季度股價(元)收盤,季度股價(元)平均,季度股價(元)漲跌,季度股價(元)漲跌(%),獲利金額(億)營業收入,獲利金額(億)營業毛利,獲利金額(億)營業利益,獲利金額(億)業外損益,獲利金額(億)稅後淨利,獲利率(%)營業毛利,獲利率(%)營業利益,獲利率(%)業外損益,獲利率(%)稅後淨利,單季ROE(%),年估ROE(%),單季ROA(%),年估ROA(%),EPS(元)稅後EPS,EPS(元)年增(元),BPS(元)
0,1734,2021Q1,-,-,27.1,28.6,-3.85,-12.4,-,-,-,-,-,-,-,-,-,-,-,-,-,-,-,-
1,1734,2020Q4,-,-,30.95,32.6,-6.6,-17.6,-,-,-,-,-,-,-,-,-,-,-,-,-,-,-,-
2,1734,2020Q3,16.8,43,37.55,44.1,+4.05,+12.1,6.4,2.29,-0.27,-0.04,-0.1,35.8,-4.16,-0.7,-7.23,-1.48,-5.93,-0.75,-2.98,-0.06,0,16.09
3,1734,2020Q2,16.8,43,33.5,22.2,+16.85,+101,5.83,2.27,-0.25,0.08,0.09,38.9,-4.32,1.36,-5.28,-0.98,-3.9,-0.49,-1.98,0.05,+0.19,15.91
4,1734,2020Q1,16.8,49,16.65,19.8,-2.75,-14.2,6.25,2.47,0.13,0.02,0.27,39.5,2.05,0.35,-1.01,-0.2,-0.79,-0.1,-0.42,0.16,+0.07,16.71
5,1734,2019Q4,16.8,45,19.4,19.2,+0.05,+0.3,6.72,2.88,0.05,0.14,0.35,42.9,0.68,2.16,-0.59,-0.12,-0.49,-0.07,-0.26,0.2,+0.16,16.59
6,1734,2019Q3,16.8,47,19.35,19.6,-0.2,-1,5.78,2.18,-0.63,0.23,-0.1,37.8,-11,3.98,-9.17,-1.62,-6.47,-0.86,-3.45,-0.06,+0.03,16.5
7,1734,2019Q2,16.8,47,19.55,19.7,-0.75,-3.7,5.73,2.16,-0.68,0.04,-0.25,37.8,-11.9,0.67,-13.6,-2.3,-9.22,-1.28,-5.12,-0.14,-0.13,17.29
8,1734,2019Q1,16.8,43,20.3,20.1,+1,+5.2,5.73,2.18,-0.2,0.19,0.14,38,-3.45,3.31,-2.32,-0.39,-1.55,-0.23,-0.9,0.09,-0.01,17.61
9,1734,2018Q4,16.8,47,19.3,19.5,-1.3,-6.3,5.98,2.35,-0.34,0.15,0.08,39.3,-5.63,2.56,-5.28,-0.91,-3.66,-0.53,-2.14,0.04,-0.09,17.45
10,1734,2018Q3,16.8,45,20.6,21,-1.3,-5.9,5.28,1.91,-0.45,0.05,-0.14,36.2,-8.47,1.03,-9.47,-1.43,-5.71,-0.84,-3.34,-0.09,-0.17,17.5
11,1734,2018Q2,16.8,47,21.9,22.7,-2.25,-9.3,5.29,1.91,-0.37,0.14,-0.01,36,-7.04,2.58,-6.28,-0.93,-3.73,-0.55,-2.21,-0.01,-0.07,18.11
12,1734,2018Q1,16.8,47,24.15,21.9,+2.5,+11.5,5.6,2.08,-0.04,-0.03,0.17,37.2,-0.65,-0.5,-1.46,-0.23,-0.9,-0.14,-0.54,0.1,+0.15,18.44
13,1734,2017Q4,16.8,49,21.65,21.8,-0.45,-2,5.68,2.23,-0.02,0.07,0.22,39.2,-0.42,1.15,-1.35,-0.21,-0.85,-0.13,-0.51,0.13,-0.12,18.33
14,1734,2017Q3,16.8,49,22.1,21.8,-0.6,-2.6,5.34,2.08,-0.1,0.03,0.14,39,-1.94,0.58,-3.27,-0.48,-1.91,-0.29,-1.17,0.08,+0.12,18.3
15,1734,2017Q2,16.8,49,22.7,22.7,-1.55,-6.4,5.24,1.96,-0.2,0.07,0.09,37.4,-3.83,1.42,-4.16,-0.59,-2.38,-0.36,-1.46,0.06,+0.08,18.11
16,1734,2017Q1,16.8,47,24.25,24.5,+0.1,+0.4,5.08,1.83,-0.3,-0.07,-0.09,36.1,-5.94,-1.35,-8.51,-1.16,-4.63,-0.71,-2.84,-0.05,+0.05,18.15
17,1734,2016Q4,16.8,55,24.15,24.8,-2.15,-8.2,5.93,2.25,-0.16,0.81,0.42,37.9,-2.7,13.6,7.98,1.25,5,0.75,3.01,0.25,-0.18,18.43
18,1734,2016Q3,16.8,45,26.3,27,-0.65,-2.4,5.33,1.91,-0.39,0.07,-0.06,35.9,-7.38,1.38,-6.63,-0.93,-3.73,-0.56,-2.23,-0.04,+0.06,18.34
19,1734,2016Q2,16.1,43,26.95,27.6,-2.4,-8.2,5.06,1.9,-0.45,0.17,-0.02,37.6,-8.99,3.38,-6.8,-0.9,-3.6,-0.55,-2.21,-0.02,+0.04,19.37
20,1734,2016Q1,16.1,45,29.35,28.5,+0.8,+2.8,5.01,1.84,-0.41,0.02,-0.16,36.6,-8.25,0.38,-8.35,-1.07,-4.27,-0.66,-2.66,-0.1,+0.06,19.75
21,1734,2015Q4,16.1,57,28.55,29.4,+1.35,+5,6.5,2.63,0.38,0.47,0.67,40.6,5.89,7.17,10.6,1.76,7.03,1.11,4.42,0.43,+0.09,19.96
22,1734,2015Q3,16.1,45,27.2,27,-3.2,-10.5,5.02,1.71,-0.71,0.15,-0.17,34,-14.2,2.89,-12.2,-1.56,-6.26,-0.99,-3.96,-0.1,+0.04,19.55
23,1734,2015Q2,16.1,47,30.4,33.4,-8.05,-20.9,5.54,1.98,-0.29,0,-0.1,35.8,-5.24,0.03,-5.45,-0.74,-2.96,-0.48,-1.9,-0.06,-0.53,19.64
24,1734,2015Q1,16.1,47,38.45,40.5,-3.45,-8.2,4.81,1.54,-0.66,0.08,-0.26,31.9,-13.8,1.73,-12.7,-1.47,-5.89,-0.95,-3.79,-0.16,-0.54,20.82
25,1734,2014Q4,16.1,57,41.9,42.8,-2.7,-6.1,7.01,3.11,0.42,0.35,0.54,44.3,6.02,4.93,6.13,1.14,4.58,0.71,2.85,0.34,+0.12,20.49
26,1734,2014Q3,16.1,43,44.6,47.3,-11,-19.8,5,1.73,-0.64,0.11,-0.22,34.7,-12.8,2.26,-11.8,-1.7,-6.8,-1.03,-4.14,-0.14,-0.74,18.59
27,1734,2014Q2,14.9,60,55.6,52.4,+5.6,+11.2,7.62,3.31,1.03,0.01,0.7,43.4,13.5,0.13,8.03,1.72,6.89,1.06,4.25,0.47,+0.08,20.25
28,1734,2014Q1,14.9,53,50,50.4,+0.7,+1.4,6.8,2.69,0.64,0.16,0.61,39.6,9.35,2.38,7.92,1.52,6.07,0.94,3.77,0.38,-0.43,20.7
29,1734,2013Q4,14.9,53,49.3,49.9,-4.7,-8.7,7.13,2.69,0.29,0.3,0.33,37.7,4.11,4.25,2.66,0.55,2.19,0.34,1.36,0.22,+0.18,20.15
30,1734,2013Q3,14.9,62,54,45.3,+19.3,+55.6,7.56,2.98,0.98,0.15,0.89,39.4,13,1.99,12.5,2.78,11.1,1.76,7.03,0.6,+0.22,19.81
31,1734,2013Q2,14.9,53,34.7,37.7,-3.7,-9.6,6.24,2.28,0.49,0.19,0.59,36.6,7.83,3.05,8.8,1.65,6.61,1.05,4.21,0.39,+0.14,18.93
32,1734,2013Q1,14.9,68,38.4,34.2,+6,+18.5,4.85,1.7,-0.14,1.83,1.2,34.9,-2.91,37.7,32.3,5.2,20.8,3.23,12.9,0.81,+0.65,19.12
33,1734,2012Q4,14.9,40,32.4,30.9,+3.4,+11.7,5.1,1.91,0.17,-0.05,0.07,37.4,3.34,-1.05,-0.45,-0.09,-0.34,-0.05,-0.21,0.04,-0.08,17.3
34,1734,2012Q3,14.9,60,29,26,+5.15,+21.6,5.48,2.09,0.45,0.15,0.57,38.1,8.13,2.73,10.3,2.11,8.46,1.29,5.17,0.38,+0.27,17.3
35,1734,2012Q2,14.9,51,23.85,23.6,-1.15,-4.6,5.54,2.02,0.39,0.1,0.38,36.4,7.01,1.89,6.35,1.34,5.35,0.84,3.36,0.25,+0.09,16.9
36,1734,2012Q1,14.9,47,25,25.7,+1.15,+4.8,4.75,1.73,0.26,0.02,0.23,36.4,5.41,0.44,4.49,0.8,3.21,0.49,1.95,0.16,-0.02,17
37,1734,2011Q4,14.9,53,23.85,23.9,-1.1,-4.4,4.82,1.72,0.06,-,0.15,35.7,1.34,-,2.7,0.53,2.13,0.31,1.25,0.12,-0.06,16.93
38,1734,2011Q3,12.8,49,24.95,28.2,-4.35,-14.8,4.37,1.69,0.06,-,0.14,38.7,1.39,-,2.33,0.47,1.88,0.28,1.1,0.11,0,15.88
39,1734,2011Q2,12.8,47,29.3,32,-2.8,-8.7,4.51,1.73,0.22,-,0.2,38.3,4.96,-,4.28,0.89,3.57,0.52,2.07,0.16,-0.16,15.56
40,1734,2011Q1,12.8,47,32.1,33.5,-3.45,-9.7,4.71,1.8,0.28,-,0.23,38.3,5.89,-,4.56,0.98,3.93,0.57,2.3,0.18,-0.11,16.1
41,1734,2010Q4,12.8,51,35.55,38,-3.8,-9.7,4.84,1.84,0.29,0,0.23,38,6.02,0.06,4.2,0.94,3.76,0.55,2.21,0.18,-0.08,15.87
42,1734,2010Q3,12.7,47,39.35,37.3,+6.95,+21.5,4.4,1.58,0.05,0.07,0.13,35.9,1.24,1.51,2.24,0.46,1.83,0.27,1.07,0.11,-0.14,15.96
43,1734,2010Q2,12.1,47,32.4,31.2,+2.3,+7.6,4.77,1.86,0.36,0.05,0.4,38.9,7.46,1.02,7.87,1.75,7.01,1.03,4.14,0.32,-0.04,16.42
44,1734,2010Q1,12.1,49,30.1,28.3,-0.9,-2.9,4.21,1.67,0.27,0.14,0.35,39.6,6.45,3.41,8.24,1.63,6.54,0.97,3.88,0.29,-0.03,16.58
45,1734,2009Q4,11.8,43,31,29.6,+1.3,+4.4,4.83,1.9,0.42,-0.16,0.3,39.3,8.64,-3.23,4.67,1.09,4.37,0.63,2.51,0.26,+0.15,16.48
46,1734,2009Q3,11.4,51,29.7,29.7,+1.7,+6.1,4.37,1.8,0.29,0.03,0.27,41.2,6.54,0.69,5.33,1.18,4.71,0.65,2.61,0.25,+0.23,16.01
47,1734,2009Q2,11.3,49,28,28.8,+0.6,+2.2,4.58,1.8,0.35,0.1,0.4,39.3,7.64,2.15,7.64,1.87,7.47,0.98,3.92,0.36,+0.21,15.63
48,1734,2009Q1,10.7,45,27.4,20,+7,+34.3,4.35,1.74,0.3,0.09,0.34,40,6.8,2.08,7.23,1.75,6.99,0.88,3.51,0.32,+0.16,15.49
49,1734,2008Q4,10.7,43,20.4,19.2,+0.6,+3,4.54,1.56,0.19,-0.12,0.12,34.4,4.21,-2.72,1.01,0.26,1.03,0.13,0.53,0.11,+0.01,15.04
50,1734,2008Q3,10.7,36,19.8,23.7,-4.35,-18,4.41,1.65,0.09,-0.09,0.02,37.5,1.98,-2.05,-0.33,-0.08,-0.33,-0.04,-0.16,0.02,-0.17,14.97
51,1734,2008Q2,10.7,49,24.15,30.3,-7.5,-23.7,4.32,1.72,0.08,0.05,0.16,39.8,1.89,1.17,2.7,0.69,2.75,0.33,1.34,0.15,-0.07,14.26
52,1734,2008Q1,10.6,45,31.65,27.4,+5.6,+21.5,4.84,1.84,0.27,-0.07,0.17,38,5.6,-1.41,3.41,0.96,3.85,0.51,2.04,0.16,-,14.69
53,1734,2007Q4,10.6,49,26.05,30.6,-15.95,-38,17.6,6.98,0.86,-0.05,0.81,39.5,4.88,-0.28,3.58,3.71,14.8,1.99,7.97,0.1,+0.05,14.55
54,1734,2007Q3,10.6,35,42,35.9,+18.8,+81,4.41,1.66,0.1,-0.1,0.02,37.7,2.2,-2.27,-0.33,-,-,-,-,0.19,-,14.67
55,1734,2007Q2,10.6,53,23.2,19.4,+5.75,+33,8.84,3.61,0.68,-0.17,0.5,40.8,7.74,-1.93,4.77,2.51,10,1.41,5.65,0.22,+0.14,14.39
56,1734,2007Q1,-,-,17.45,17.5,+0.25,+1.5,-,-,-,-,-,-,-,-,-,-,-,-,-,-,-,-
57,1734,2006Q4,10.6,48,17.2,16.9,+0.3,+1.8,-,-,-,-,0.07,-,-,-,-,0.4,1.61,0.24,0.96,0.05,-0.39,14.21
58,1734,2006Q3,-,-,16.9,16.7,-0.3,-1.7,-,-,-,-,-,-,-,-,-,-,-,-,-,-,-,-
59,1734,2006Q2,9.79,56,17.2,19,-2.3,-11.8,-,-,-,-,0.09,-,-,-,-,0.55,2.18,0.33,1.34,0.08,-0.48,15.14
60,1734,2006Q1,-,-,19.5,20.7,-1.5,-7.1,-,-,-,-,-,-,-,-,-,-,-,-,-,-,-,-
61,1734,2005Q4,9.79,59,21,21.6,+1.9,+9.9,-,-,-,-,0.4,-,-,-,-,2.4,9.61,1.39,5.57,0.44,+0.02,15.36
62,1734,2005Q3,-,-,19.1,20.7,-2.65,-12.2,-,-,-,-,-,-,-,-,-,-,-,-,-,-,-,-
63,1734,2005Q2,8.22,56,21.75,21.3,+0.55,+2.6,-,-,-,-,0.46,-,-,-,-,3.43,13.7,1.98,7.92,0.56,-,14.82
64,1734,2005Q1,-,-,21.2,20,+2.4,+12.8,-,-,-,-,-,-,-,-,-,-,-,-,-,-,-,-
65,1734,2004Q4,8.22,59,18.8,16.9,+1.8,+10.6,-,-,-,-,0.33,-,-,-,-,2.53,10.1,1.42,5.67,0.42,+0.15,14.49
66,1734,2004Q3,-,-,17,16.3,+1.1,+6.9,-,-,-,-,-,-,-,-,-,-,-,-,-,-,-,-
67,1734,2004Q2,-,-,15.9,16.9,-1.9,-10.7,-,-,-,-,-,-,-,-,-,-,-,-,-,-,-,-
68,1734,2004Q1,-,-,17.8,18.3,+0.3,+1.7,-,-,-,-,-,-,-,-,-,-,-,-,-,-,-,-
69,1734,2003Q4,6.75,48,17.5,17.3,+0.5,+2.9,-,-,-,-,0.18,-,-,-,-,1.94,7.77,0.89,3.56,0.27,+0.03,13.96
70,1734,2003Q3,-,-,17,16.9,-0.3,-1.7,-,-,-,-,-,-,-,-,-,-,-,-,-,-,-,-
71,1734,2003Q2,-,-,17.3,17.1,-0.5,-2.8,-,-,-,-,-,-,-,-,-,-,-,-,-,-,-,-
72,1734,2003Q1,-,-,17.8,17.4,+0.7,+4.1,-,-,-,-,-,-,-,-,-,-,-,-,-,-,-,-
73,1734,2002Q4,6.43,44,17.1,16.8,+1.1,+6.9,-,-,-,-,0.14,-,-,-,-,1.64,6.55,0.86,3.46,0.24,-,13.61
74,1734,2002Q3,-,-,16,17.8,-2.6,-14,-,-,-,-,-,-,-,-,-,-,-,-,-,-,-,-
75,1734,2002Q2,-,-,18.6,20.2,-0.7,-3.6,-,-,-,-,-,-,-,-,-,-,-,-,-,-,-,-
76,1734,2002Q1,-,-,19.3,19.5,-0.7,-3.5,-,-,-,-,-,-,-,-,-,-,-,-,-,-,-,-
77,1734,2001Q4,-,-,20,18.5,+1.8,+9.9,-,-,-,-,-,-,-,-,-,-,-,-,-,-,-,-
78,1734,2001Q3,-,-,18.2,19.7,+1.7,+10.3,-,-,-,-,-,-,-,-,-,-,-,-,-,-,-,-
79,1734,2001Q2,-,-,16.5,17.2,-2.9,-14.9,-,-,-,-,-,-,-,-,-,-,-,-,-,-,-,-
80,1734,2001Q1,-,-,19.4,19.2,-0.3,-1.5,-,-,-,-,-,-,-,-,-,-,-,-,-,-,-,-
81,1734,2000Q4,-,-,19.7,19.2,-0.8,-3.9,-,-,-,-,-,-,-,-,-,-,-,-,-,-,-,-
