ID,sid,季度,股本(億),財報評分,季度股價(元)收盤,季度股價(元)平均,季度股價(元)漲跌,季度股價(元)漲跌(%),獲利金額(億)營業收入,獲利金額(億)營業毛利,獲利金額(億)營業利益,獲利金額(億)業外損益,獲利金額(億)稅後淨利,獲利率(%)營業毛利,獲利率(%)營業利益,獲利率(%)業外損益,獲利率(%)稅後淨利,單季ROE(%),年估ROE(%),單季ROA(%),年估ROA(%),EPS(元)稅後EPS,EPS(元)年增(元),BPS(元)
0,2706,2021Q1,-,-,14.1,13.7,+0.05,+0.4,-,-,-,-,-,-,-,-,-,-,-,-,-,-,-,-
1,2706,2020Q4,-,-,14.05,13.6,+1.05,+8.1,-,-,-,-,-,-,-,-,-,-,-,-,-,-,-,-
2,2706,2020Q3,50,57,13,13.7,-1.2,-8.5,0.65,0.46,0.4,-0.31,0.14,70.4,61.5,-47.7,22,0.16,0.65,0.14,0.55,0.03,-0.33,17.58
3,2706,2020Q2,50,66,14.2,13.2,+2.1,+17.4,0.51,0.37,0.3,0.03,0.18,72.6,58.8,5.27,35.3,0.2,0.8,0.17,0.68,0.04,-0.27,17.83
4,2706,2020Q1,50,68,12.1,14.4,-3.55,-22.7,0.75,0.57,0.49,0.12,0.49,75.3,65.3,15.6,64.8,0.53,2.12,0.46,1.83,0.1,-0.12,18.05
5,2706,2019Q4,50,68,15.65,15.3,+0.65,+4.3,0.9,0.66,0.56,0.53,0.85,73.2,62.2,58.3,94.1,0.9,3.62,0.78,3.12,0.17,-0.07,18.73
6,2706,2019Q3,50,68,15,15.3,-0.8,-5.1,0.85,0.62,0.54,1.6,1.81,73.5,64.2,189,214,1.95,7.82,1.67,6.68,0.36,+0.02,18.74
7,2706,2019Q2,50,68,15.8,14.6,+1.45,+10.1,0.87,0.65,0.57,1.44,1.56,74.8,66.1,166,180,1.7,6.78,1.45,5.8,0.31,+0.04,18.38
8,2706,2019Q1,50,68,14.35,14.3,+0.1,+0.7,0.85,0.65,0.58,0.77,1.1,76.4,67.9,91.1,129,1.21,4.84,1.05,4.19,0.22,+0.21,18.38
9,2706,2018Q4,50,68,14.25,14.1,-0.1,-0.7,0.86,0.66,0.56,0.95,1.22,76.1,64.6,110,142,1.38,5.51,1.19,4.74,0.24,-0.06,17.96
10,2706,2018Q3,50,70,14.35,14.7,-0.55,-3.7,0.84,0.61,0.53,1.59,1.72,72,63.1,188,204,1.99,7.94,1.69,6.78,0.34,+0.03,17.5
11,2706,2018Q2,48.7,70,14.9,15,-0.3,-2,0.8,0.58,0.51,1.39,1.31,73.2,63.8,175,165,1.54,6.17,1.32,5.29,0.27,-0.04,17.63
12,2706,2018Q1,48.7,64,15.2,15.6,-0.35,-2.3,0.8,0.59,0.51,0.82,0.04,73.2,63.8,102,5.56,0.05,0.21,0.05,0.18,0.01,-0.2,17.43
13,2706,2017Q4,48.7,75,15.55,15.5,-0.15,-1,0.83,0.6,0.51,1.27,1.48,72.5,60.9,153,178,1.78,7.13,1.55,6.2,0.3,+0.14,17.17
14,2706,2017Q3,48.7,70,15.7,16.3,-1.1,-6.5,0.82,0.58,0.51,1.29,1.53,71.6,62.3,158,188,1.87,7.49,1.62,6.49,0.31,-0.04,16.93
15,2706,2017Q2,45,70,16.8,17,-0.7,-4,0.82,0.57,0.5,1.28,1.51,70.1,61.1,156,185,1.87,7.47,1.62,6.5,0.31,-0.03,18.04
16,2706,2017Q1,45,73,17.5,17.1,+1.2,+7.4,0.83,0.6,0.53,0.71,1.03,72.4,63.6,85.3,124,1.27,5.09,1.11,4.45,0.21,-0.09,17.89
17,2706,2016Q4,45,70,16.3,16.4,-0.35,-2.1,0.85,0.58,0.48,0.38,0.71,68.1,56.9,44.5,84.2,0.89,3.55,0.77,3.09,0.16,+0.02,17.98
18,2706,2016Q3,45,70,16.65,17.7,-1.6,-8.8,0.82,0.58,0.5,1.39,1.6,71.1,61.6,169,195,2.01,8.06,1.74,6.98,0.35,-0.03,17.67
19,2706,2016Q2,42,70,18.25,18.3,-0.4,-2.1,0.82,0.61,0.54,1.22,1.44,74.6,65.6,148,175,1.84,7.35,1.6,6.38,0.34,-0.03,18.74
20,2706,2016Q1,42,73,18.65,18.7,-0.15,-0.8,0.87,0.66,0.58,0.92,1.26,76.2,67,106,146,1.62,6.49,1.42,5.66,0.3,+0.05,18.6
21,2706,2015Q4,42,73,18.8,19.2,-0.3,-1.6,0.88,0.66,0.57,0.13,0.58,74.7,64.5,14.6,65.7,0.75,3.01,0.65,2.61,0.14,-0.03,18.48
22,2706,2015Q3,42,70,19.1,20.2,-1.8,-8.6,0.88,0.64,0.57,1.31,1.58,73.1,64.4,149,179,2.1,8.38,1.81,7.25,0.38,+0.04,18.25
23,2706,2015Q2,39.2,75,20.9,21.4,-0.15,-0.7,0.93,0.65,0.58,1.15,1.46,69.8,61.7,123,156,1.98,7.93,1.72,6.88,0.37,+0.03,18.8
24,2706,2015Q1,39.2,75,21.05,20.3,+1,+5,0.93,0.65,0.57,0.59,0.97,70,61.6,63.8,104,1.33,5.3,1.15,4.62,0.25,+0.06,18.74
25,2706,2014Q4,39.2,73,20.05,19.8,0,0,0.94,0.65,0.54,0.26,0.67,69.1,57.2,27.2,71.2,0.93,3.73,0.81,3.26,0.17,0,18.5
26,2706,2014Q3,39.2,73,20.05,20.4,+0.55,+2.8,0.94,0.64,0.55,1.05,1.34,67.7,58.9,112,143,1.92,7.69,1.68,6.71,0.34,+0.05,18.12
27,2706,2014Q2,37,73,19.5,19.2,+0.15,+0.8,0.91,0.62,0.54,0.94,1.26,67.9,59,103,138,1.84,7.35,1.6,6.42,0.34,+0.09,18.55
28,2706,2014Q1,37,73,19.35,19.5,+0.15,+0.8,0.9,0.61,0.53,0.31,0.69,67.7,58.4,34.6,77.2,1.03,4.1,0.9,3.59,0.19,+0.07,18.44
29,2706,2013Q4,37,73,19.2,19,+0.45,+2.4,0.92,0.6,0.51,0.26,0.65,64.4,55.6,28.4,69.8,0.97,3.89,0.85,3.39,0.17,+0.02,18.15
30,2706,2013Q3,37,70,18.75,19.3,-0.55,-2.8,0.89,0.58,0.5,0.75,1.06,64.7,56.4,83.9,118,1.62,6.49,1.41,5.64,0.29,+0.03,17.8
31,2706,2013Q2,35,70,19.3,19.4,-0.15,-0.8,0.9,0.59,0.52,0.54,0.89,65.2,57,59.5,98.5,1.39,5.55,1.21,4.83,0.25,0,18.38
32,2706,2013Q1,35,73,19.45,19.5,-0.4,-2,0.88,0.59,0.52,0.01,0.44,67,58.8,1.41,49.9,0.69,2.78,0.61,2.43,0.12,-0.02,18.26
33,2706,2012Q4,35,73,19.85,19.4,-1.2,-5.7,0.9,0.59,0.5,0.11,0.51,65.3,55.6,12.5,56.5,0.8,3.22,0.7,2.8,0.15,-,18.04
34,2706,2012Q3,35,70,21.05,19.9,+2.8,+15.3,0.91,0.58,0.5,0.6,0.92,63.1,55.1,65.7,101,1.48,5.94,1.29,5.15,0.26,-,17.96
35,2706,2012Q2,33.4,73,18.25,19,-1.75,-8.8,0.91,0.59,0.52,0.52,0.88,64.9,56.7,56.8,96.4,1.45,5.79,1.26,5.02,0.25,-,18.34
36,2706,2012Q1,33.4,73,20,20.3,+1,+5.3,0.88,0.58,0.51,0.06,0.48,65.7,58,7.3,54.2,0.79,3.14,0.68,2.73,0.14,-,18.19
37,2706,2011Q4,-,-,19,20.2,-2.25,-10.6,-,-,-,-,-,-,-,-,-,-,-,-,-,-,-,-
38,2706,2011Q3,-,-,21.25,24.9,-6.9,-24.5,-,-,-,-,-,-,-,-,-,-,-,-,-,-,-,-
39,2706,2011Q2,-,-,28.15,28.6,+1.65,+6.2,-,-,-,-,-,-,-,-,-,-,-,-,-,-,-,-
40,2706,2011Q1,-,-,26.5,28.3,-5.3,-16.7,-,-,-,-,-,-,-,-,-,-,-,-,-,-,-,-
41,2706,2010Q4,-,-,31.8,30.3,+0.65,+2.1,-,-,-,-,-,-,-,-,-,-,-,-,-,-,-,-
42,2706,2010Q3,-,-,31.15,29,+6.45,+26.1,-,-,-,-,-,-,-,-,-,-,-,-,-,-,-,-
43,2706,2010Q2,-,-,24.7,25.4,-2.05,-7.7,-,-,-,-,-,-,-,-,-,-,-,-,-,-,-,-
44,2706,2010Q1,-,-,26.75,26.8,+0.15,+0.6,-,-,-,-,-,-,-,-,-,-,-,-,-,-,-,-
45,2706,2009Q4,-,-,26.6,24.8,+2.35,+9.7,-,-,-,-,-,-,-,-,-,-,-,-,-,-,-,-
46,2706,2009Q3,-,-,24.25,27.1,-4.35,-15.2,-,-,-,-,-,-,-,-,-,-,-,-,-,-,-,-
47,2706,2009Q2,-,-,28.6,28.3,+5.85,+25.7,-,-,-,-,-,-,-,-,-,-,-,-,-,-,-,-
48,2706,2009Q1,-,-,22.75,18.7,+3.65,+19.1,-,-,-,-,-,-,-,-,-,-,-,-,-,-,-,-
49,2706,2008Q4,-,-,19.1,18.5,-1.4,-6.8,-,-,-,-,-,-,-,-,-,-,-,-,-,-,-,-
50,2706,2008Q3,-,-,20.5,25.9,-10.3,-33.4,-,-,-,-,-,-,-,-,-,-,-,-,-,-,-,-
51,2706,2008Q2,-,-,30.8,38.8,-7.95,-20.5,-,-,-,-,-,-,-,-,-,-,-,-,-,-,-,-
52,2706,2008Q1,-,-,38.75,35.1,+8.15,+26.6,-,-,-,-,-,-,-,-,-,-,-,-,-,-,-,-
53,2706,2007Q4,-,-,30.6,29.7,-2.55,-7.7,-,-,-,-,-,-,-,-,-,-,-,-,-,-,-,-
54,2706,2007Q3,-,-,33.15,38.1,-5.15,-13.4,-,-,-,-,-,-,-,-,-,-,-,-,-,-,-,-
55,2706,2007Q2,-,-,38.3,37.1,+2.7,+7.6,-,-,-,-,-,-,-,-,-,-,-,-,-,-,-,-
56,2706,2007Q1,-,-,35.6,36.1,-1.3,-3.5,-,-,-,-,-,-,-,-,-,-,-,-,-,-,-,-
57,2706,2006Q4,-,-,36.9,34.2,+5.45,+17.3,-,-,-,-,-,-,-,-,-,-,-,-,-,-,-,-
58,2706,2006Q3,-,-,31.45,31.6,-3.55,-10.1,-,-,-,-,-,-,-,-,-,-,-,-,-,-,-,-
59,2706,2006Q2,-,-,35,31.8,+13.55,+63.2,-,-,-,-,-,-,-,-,-,-,-,-,-,-,-,-
60,2706,2006Q1,-,-,21.45,22.2,-3.7,-14.7,-,-,-,-,-,-,-,-,-,-,-,-,-,-,-,-
61,2706,2005Q4,-,-,25.15,22.3,+4.35,+20.9,-,-,-,-,-,-,-,-,-,-,-,-,-,-,-,-
62,2706,2005Q3,-,-,20.8,23.7,-3.6,-14.8,-,-,-,-,-,-,-,-,-,-,-,-,-,-,-,-
63,2706,2005Q2,-,-,24.4,21.7,+5.15,+26.8,-,-,-,-,-,-,-,-,-,-,-,-,-,-,-,-
64,2706,2005Q1,-,-,19.25,18.7,-0.45,-2.3,-,-,-,-,-,-,-,-,-,-,-,-,-,-,-,-
65,2706,2004Q4,-,-,19.7,17.1,+2.9,+17.3,-,-,-,-,-,-,-,-,-,-,-,-,-,-,-,-
66,2706,2004Q3,-,-,16.8,17.5,-1.2,-6.7,-,-,-,-,-,-,-,-,-,-,-,-,-,-,-,-
67,2706,2004Q2,-,-,18,19.4,-3.3,-15.5,-,-,-,-,-,-,-,-,-,-,-,-,-,-,-,-
68,2706,2004Q1,-,-,21.3,21.6,+3.1,+17,-,-,-,-,-,-,-,-,-,-,-,-,-,-,-,-
69,2706,2003Q4,-,-,18.2,17.7,+2.3,+14.5,-,-,-,-,-,-,-,-,-,-,-,-,-,-,-,-
70,2706,2003Q3,-,-,15.9,16.5,-0.3,-1.9,-,-,-,-,-,-,-,-,-,-,-,-,-,-,-,-
71,2706,2003Q2,-,-,16.2,16,-0.1,-0.6,-,-,-,-,-,-,-,-,-,-,-,-,-,-,-,-
72,2706,2003Q1,-,-,16.3,17.6,-0.7,-4.1,-,-,-,-,-,-,-,-,-,-,-,-,-,-,-,-
73,2706,2002Q4,-,-,17,18.2,-1.2,-6.6,-,-,-,-,-,-,-,-,-,-,-,-,-,-,-,-
74,2706,2002Q3,-,-,18.2,60.6,-69.8,-79.3,-,-,-,-,-,-,-,-,-,-,-,-,-,-,-,-
75,2706,2002Q2,-,-,88,94.3,-16.5,-15.8,-,-,-,-,-,-,-,-,-,-,-,-,-,-,-,-
76,2706,2002Q1,-,-,104.5,95.2,+14,+15.5,-,-,-,-,-,-,-,-,-,-,-,-,-,-,-,-
77,2706,2001Q4,-,-,90.5,91.1,-1.5,-1.6,-,-,-,-,-,-,-,-,-,-,-,-,-,-,-,-
78,2706,2001Q3,-,-,92,99.2,-8.5,-8.5,-,-,-,-,-,-,-,-,-,-,-,-,-,-,-,-
79,2706,2001Q2,-,-,100.5,100,+4.5,+4.7,-,-,-,-,-,-,-,-,-,-,-,-,-,-,-,-
80,2706,2001Q1,-,-,96,96.7,-6,-5.9,-,-,-,-,-,-,-,-,-,-,-,-,-,-,-,-
81,2706,2000Q4,-,-,102,120,-32,-23.9,-,-,-,-,-,-,-,-,-,-,-,-,-,-,-,-
82,2706,2000Q3,-,-,134,137,-4,-2.9,-,-,-,-,-,-,-,-,-,-,-,-,-,-,-,-
83,2706,2000Q2,-,-,138,138,0,0,-,-,-,-,-,-,-,-,-,-,-,-,-,-,-,-
84,2706,2000Q1,-,-,138,139,-1.5,-1.1,-,-,-,-,-,-,-,-,-,-,-,-,-,-,-,-
85,2706,1999Q4,-,-,139.5,144,-10.5,-7,-,-,-,-,-,-,-,-,-,-,-,-,-,-,-,-
86,2706,1999Q3,-,-,150,153,-2,-1.3,-,-,-,-,-,-,-,-,-,-,-,-,-,-,-,-
87,2706,1999Q2,-,-,152,183,-39,-20.4,-,-,-,-,-,-,-,-,-,-,-,-,-,-,-,-
88,2706,1999Q1,-,-,191,140,+51.5,+36.9,-,-,-,-,-,-,-,-,-,-,-,-,-,-,-,-
89,2706,1998Q4,-,-,139.5,130,+17.5,+14.3,-,-,-,-,-,-,-,-,-,-,-,-,-,-,-,-
90,2706,1998Q3,-,-,122,116,+13,+11.9,-,-,-,-,-,-,-,-,-,-,-,-,-,-,-,-
91,2706,1998Q2,-,-,109,96.5,+6,+5.8,-,-,-,-,-,-,-,-,-,-,-,-,-,-,-,-
92,2706,1998Q1,-,-,103,106,+10,+10.8,-,-,-,-,-,-,-,-,-,-,-,-,-,-,-,-
93,2706,1997Q4,-,-,93,84.1,+17,+22.4,-,-,-,-,-,-,-,-,-,-,-,-,-,-,-,-
94,2706,1997Q3,-,-,76,77,0,0,-,-,-,-,-,-,-,-,-,-,-,-,-,-,-,-
95,2706,1997Q2,-,-,76,76.1,-3.5,-4.4,-,-,-,-,-,-,-,-,-,-,-,-,-,-,-,-
96,2706,1997Q1,-,-,79.5,71.5,+17.5,+28.2,-,-,-,-,-,-,-,-,-,-,-,-,-,-,-,-
97,2706,1996Q4,-,-,62,58.7,+5.5,+9.7,-,-,-,-,-,-,-,-,-,-,-,-,-,-,-,-
98,2706,1996Q3,-,-,56.5,53.7,-0.5,-0.9,-,-,-,-,-,-,-,-,-,-,-,-,-,-,-,-
99,2706,1996Q2,-,-,57,56.7,-4.5,-7.3,-,-,-,-,-,-,-,-,-,-,-,-,-,-,-,-
100,2706,1996Q1,-,-,61.5,54.5,+12,+24.2,-,-,-,-,-,-,-,-,-,-,-,-,-,-,-,-
101,2706,1995Q4,-,-,49.5,37.9,+16.8,+51.4,-,-,-,-,-,-,-,-,-,-,-,-,-,-,-,-
102,2706,1995Q3,-,-,32.7,29.8,-0.8,-2.4,-,-,-,-,-,-,-,-,-,-,-,-,-,-,-,-
103,2706,1995Q2,-,-,33.5,38.7,-8.7,-20.6,-,-,-,-,-,-,-,-,-,-,-,-,-,-,-,-
104,2706,1995Q1,-,-,42.2,43.8,-6.5,-13.3,-,-,-,-,-,-,-,-,-,-,-,-,-,-,-,-
105,2706,1994Q4,-,-,48.7,43.8,+0.3,+0.6,-,-,-,-,-,-,-,-,-,-,-,-,-,-,-,-
106,2706,1994Q3,-,-,48.4,49,-0.4,-0.8,-,-,-,-,-,-,-,-,-,-,-,-,-,-,-,-
107,2706,1994Q2,-,-,48.8,51.9,-1.7,-3.4,-,-,-,-,-,-,-,-,-,-,-,-,-,-,-,-
108,2706,1994Q1,-,-,50.5,56.6,-11,-17.9,-,-,-,-,-,-,-,-,-,-,-,-,-,-,-,-
109,2706,1993Q4,-,-,61.5,54.2,+11,+21.8,-,-,-,-,-,-,-,-,-,-,-,-,-,-,-,-
110,2706,1993Q3,-,-,50.5,48.2,+0.6,+1.2,-,-,-,-,-,-,-,-,-,-,-,-,-,-,-,-
111,2706,1993Q2,-,-,49.9,54.9,-12.1,-19.5,-,-,-,-,-,-,-,-,-,-,-,-,-,-,-,-
112,2706,1993Q1,-,-,62,52.7,+16.6,+36.6,-,-,-,-,-,-,-,-,-,-,-,-,-,-,-,-
113,2706,1992Q4,-,-,45.4,56.7,-9.6,-17.5,-,-,-,-,-,-,-,-,-,-,-,-,-,-,-,-
114,2706,1992Q3,-,-,55,68,-27.5,-33.3,-,-,-,-,-,-,-,-,-,-,-,-,-,-,-,-
115,2706,1992Q2,-,-,82.5,79.6,+1.5,+1.9,-,-,-,-,-,-,-,-,-,-,-,-,-,-,-,-
116,2706,1992Q1,-,-,81,85.6,+8,+11,-,-,-,-,-,-,-,-,-,-,-,-,-,-,-,-
117,2706,1991Q4,-,-,73,66.1,+1,+1.4,-,-,-,-,-,-,-,-,-,-,-,-,-,-,-,-
118,2706,1991Q3,-,-,72,83.3,-19,-20.9,-,-,-,-,-,-,-,-,-,-,-,-,-,-,-,-
119,2706,1991Q2,-,-,91,80.4,+20.5,+29.1,-,-,-,-,-,-,-,-,-,-,-,-,-,-,-,-
